2128184468
929005098
1857645884
1878653041
1009640153
1193362877
1205816983
767708740
592096193
448895044
574153943
1861146110
817268526
1147917769
1569150320
1305410444
1087027412
315499418
1007602715
2127207180
1614105213
975705998
241247175
136609257
697492625
1078310022
353674109
462718806
172130111
1478154804
483803919
152830931
259676254
193966155
2031483972
1269316408
1387329033
1089817307
2037025148
1979425226
1538712352
463695443
1693087688
208497230
1611613212
1114754360
1513907674
551156977
1430253779
374026741
530880509
896875344
1349732740
772127685
1033484601
2047225365
1850437707
1387158710
362460523
2022567819
717829866
846264442
27915102
977506120
1040230597
2059399075
99338880
280075982
1001732734
2136364029
112017560
392961438
452575824
1805105249
601458668
2064189037
772375961
2115366342
467862366
55146092
341909436
998742875
952021436
1691642176
1770870560
1985506037
1591383893
1473824620
1225181099
1953844416
1348908791
1943010965
652625210
1376823893
773033438
1692855807
1288739320
872372318
1972931790
142988407