120
245
247
350
356
463
637
644
770
926
931
1159
1374
1440
1477
1571
1704
1709
1740
1775
2004
2007
2093
2350
2365
2399
2516
3094
3099
3147
3151
3159
3184
3247
3280
3334
3345
3411
3433
3505
3715
3904
3933
3934
4129
4270
4545
4563
4589
4740
4877
5063
5188
5292
5411
5513
5515
5630
5718
5730
5981
6003
6149
6230
6245
6332
6435
6574
6582
6586
6805
6822
7393
7409
7494
7508
7719
7815
7839
7965
8004
8202
8253
8296
8380
8627
8674
9020
9031
9289
9353
9376
9598
9619
9905
10177
10269
10272
10293
10356
10633
10716
10926
10956
11074
11166
11206
11297
11321
11533
11576
11617
11641
11788
11793
11830
11853
11867
11956
12006
12050
12086
12097
12282
12377
12416
12655
12812
13021
13048
13171
13201
13438
13599
13721
13871
13943
14059
14624
14733
14796
14823
14887
14997
15007
15106
15140
15299
15319
15460
15613
15773
15809
16029
16064
16128
16173
16198
16207
16401
16593
16737
16765
16803
16823
16986
17139
17148
17188
17251
17470
17557
17587
17637
17745
17943
18185
18333
18348
18636
18648
18658
18774
18826
18827
18921
19254
19315
19618
19674
19846
19934
20094
20095
20386
20636
20683
20700
20849
20935
21141
21322
21455
21596
21680
21886
22013
22177
22188
22463
22587
22615
22666
22713
22795
23299
23434
23482
23525
23872
23917
23954
24026
24061
24089
24142
24157
24369
24478
24482
24569
24594
24724
24794
24819
25177
25206
25614
25707
25799
25970
25974
26032
26150
26255
26305
26487
26819
27022
27047
27157
27205
27220
27234
27317
27319
27359
27536
27569
27657
27754
27862
28017
28045
28209
28329
28370
28379
28383
28421
28666
28727
28810
28996
28999
29027
29299
29360
29380
29402
29541
29553
29843
29987
30091
30128
30304
30509
30516
30574
30583
30727
31017
31028
31039
31138
31283
31638
31739
31764
31816
31881
31922
32069
32101
32109
32163
32312
32451
32564
32601
32603
32729
32793
32802
32809
32982
33101
33177
33208
33250
33293
33309
33348
33355
33385
33473
33713
33762
33914
33914
33956
33966
34009
34020
34178
34431
34452
34469
34593
34637
34747
34906
34929
34934
35042
35059
35063
35188
35224
35481
35592
35613
35650
35662
35787
35837
35991
36144
36366
36372
36603
36719
36731
36806
37012
37025
37032
37191
37802
37821
37990
38052
38088
38141
38254
38314
38346
38453
38483
38549
38635
38900
39167
39194
39274
39340
39520
39530
40073
40179
40296
40314
40416
40585
40661
40810
40852
40860
40894
41044
41046
41060
41112
41206
41239
41318
41375
41464
41721
41743
41804
41927
42014
42025
42027
42106
42219
42331
42360
42384
42442
42442
42490
42563
42783
42820
42844
42845
42896
42921
43274
43365
43380
43416
43440
43470
43473
43521
43687
43735
44013
44030
44094
44125
44143
44387
44542
44646
44652
44703
44834
44864
45011
45091
45166
45311
45334
45463
45480
45611
45717
45957
46244
46315
46848
46865
46893
47179
47403
47483
47548
47591
47605
47613
47673
47983
48093
48114
48180
48185
48298
48319
48406
48475
48578
48645
48938
48968
49002
49099
49139
49246
49281
49489
49538
49639
49643
49691
49731
49810
49910
50049
50123
50237
50305
50373
50446
50469
50497
50625
50626
50709
50776
50893
50941
51000
51062
51104
51124
51190
51511
51572
51581
51594
51642
52205
52245
52256
52262
52358
52508
52918
53040
53134
53591
53604
53662
53801
53840
53899
53981
54086
54477
54488
54648
54870
55045
55283
55462
55485
55526
55526
55564
55609
55650
55685
55783
55818
55847
55868
55928
56017
56134
56136
56138
56172
56225
56604
56670
56795
56955
57080
57091
57129
57137
57151
57183
57316
57440
57442
57644
57889
57905
58028
58075
58133
58142
58187
58400
58741
58825
59037
59265
59378
59382
59395
59452
59510
59826
59826
59950
60026
60049
60050
60182
60270
60272
60496
60599
60732
60734
61056
61078
61184
61209
61224
61253
61291
61411
61448
61476
61563
61580
61581
61627
61650
61989
62041
62103
62109
62350
62394
62470
62507
62571
62675
62746
62758
62824
62908
62957
63026
63142
63270
63294
63362
63392
63417
63541
63552
63588
63684
63849
63904
64012
64286
64487
64722
64771
64893
64903
65014
65255
65387
65387
65409
65416
65568
65703
65727
65795
65836
65923
65956
66478
66481
66612
66667
66701
66926
66969
67104
67166
67287
67651
67850
67853
67867
68058
68100
68151
68169
68288
68686
68730
68890
68973
68976
69005
69013
69042
69097
69300
69340
69398
69411
69530
69776
69827
69853
70034
70193
70317
70356
70570
70581
70638
70731
70740
70743
71006
71337
71418
71423
71467
71607
71996
72291
72327
72495
72664
72704
73098
73269
73437
73514
73620
73652
73697
73708
73717
73943
74075
74081
74174
74257
74330
74335
74379
74406
74418
74733
74760
74784
74820
74910
75101
75206
75208
75220
75315
75325
75386
75425
75515
75641
75670
75880
75934
76032
76220
76303
76308
76711
76776
77161
77167
77184
77197
77206
77246
77247
77277
77456
77744
78032
78035
78088
78113
78130
78177
78223
78342
78349
78528
78556
78570
78631
78697
78751
78761
79273
79280
79352
79387
79396
79863
80015
80122
80138
80308
80585
80619
80674
80698
80703
80846
80934
81154
81382
81878
82051
82089
82152
82174
82176
82211
82395
82529
82529
82705
82769
82770
82863
82885
82962
83016
83035
83079
83083
83126
83237
83467
83516
83757
83836
83855
83917
84000
84046
84396
84425
84481
84572
84711
84956
85082
85252
85295
85907
86207
86465
86668
86814
86835
86998
87173
87282
87406
87428
87599
87614
87781
87797
88003
88045
88174
88567
88629
88704
88743
88744
88810
88918
88932
89031
89162
89199
89349
89412
89702
89893
89894
89910
90061
90126
90248
90278
90343
90476
90622
90774
90787
91044
91063
91160
91378
91456
91481
91552
91561
91642
91749
91797
91954
92138
92204
92301
92436
92625
92659
92910
93182
93185
93491
93749
93847
93979
94054
94265
94334
94382
94403
94532
94650
94690
94928
95080
95109
95234
95392
95583
95614
95722
95763
95830
95854
95855
95876
95994
95994
96016
96245
96326
96333
96493
96545
96545
96606
96631
96644
96667
96793
96802
96995
97084
97147
97196
97229
97232
97312
97572
97626
97633
97713
97742
97931
97942
97981
98013
98083
98086
98098
98150
98315
98466
98646
98926
98927
99198
99217
99289
99326
99494
99640
99654
99705
99706
99768