3
16
31
60
62
71
75
78
85
95
102
113
137
145
146
147
158
164
172
173
181
184
189
197
216
217
228
233
237
246
248
255
258
262
279
283
296
297
300
325
332
335
350
363
366
371
379
395
398
410
441
461
489
497
505
505
518
541
560
568
584
593
597
604
618
621
641
663
704
716
747
752
762
769
771
774
775
778
787
801
823
855
866
877
881
882
889
894
898
903
923
938
943
944
950
952
954
966
967
975
985
1003
1018
1023
1025
1041
1042
1049
1057
1058
1067
1069
1082
1093
1094
1097
1099
1146
1155
1161
1165
1166
1175
1186
1191
1213
1226
1238
1239
1239
1240
1249
1251
1295
1300
1315
1342
1343
1344
1368
1374
1394
1400
1411
1413
1424
1439
1449
1455
1470
1484
1485
1490
1507
1508
1513
1514
1517
1517
1525
1536
1550
1557
1566
1572
1595
1618
1641
1651
1658
1659
1664
1676
1680
1702
1703
1733
1756
1759
1792
1804
1815
1818
1830
1839
1842
1843
1856
1862
1915
1926
1940
1943
1945
1950
1952
1974
2030
2040
2042
2076
2086
2102
2107
2108
2109
2120
2121
2134
2144
2164
2171
2174
2177
2179
2184
2189
2198
2211
2221
2227
2228
2234
2242
2242
2246
2259
2260
2266
2277
2284
2307
2311
2321
2353
2355
2357
2359
2364
2365
2381
2388
2400
2443
2463
2474
2485
2495
2527
2534
2545
2546
2559
2563
2568
2579
2613
2624
2636
2640
2667
2673
2673
2679
2685
2685
2719
2721
2722
2726
2729
2729
2741
2755
2755
2775
2780
2784
2791
2797
2800
2813
2819
2820
2838
2843
2865
2885
2898
2902
2905
2907
2928
2935
2938
2938
2938
2940
2954
2955
2957
2958
2974
2983
2987
2998
3020
3026
3028
3037
3039
3050
3058
3064
3074
3077
3088
3090
3090
3111
3115
3125
3125
3128
3135
3136
3140
3153
3155
3164
3164
3167
3168
3171
3177
3188
3191
3204
3204
3210
3219
3229
3231
3301
3313
3328
3332
3337
3337
3366
3377
3401
3419
3428
3430
3440
3445
3447
3448
3457
3491
3509
3512
3520
3521
3540
3555
3564
3575
3600
3609
3610
3665
3667
3690
3695
3714
3741
3742
3748
3756
3766
3767
3777
3783
3793
3795
3797
3813
3819
3821
3852
3860
3873
3883
3888
3917
3954
3959
3967
3975
3988
3991
3992
4009
4030
4032
4037
4041
4042
4043
4044
4055
4080
4081
4084
4092
4096
4111
4134
4142
4198
4205
4206
4210
4250
4260
4287
4314
4315
4317
4319
4324
4353
4366
4427
4436
4471
4476
4483
4492
4496
4504
4511
4521
4530
4530
4534
4537
4560
4566
4567
4584
4590
4620
4638
4652
4674
4685
4692
4697
4697
4705
4723
4733
4735
4764
4769
4780
4782
4785
4802
4828
4828
4839
4840
4867
4870
4879
4886
4898
4900
4907
4908
4912
4920
4933
4934
4942
4950
4955
4981
4994
5004
5017
5018
5025
5027
5042
5045
5048
5065
5082
5082
5083
5093
5113
5114
5172
5174
5178
5231
5234
5250
5252
5261
5281
5296
5306
5336
5340
5343
5346
5354
5354
5360
5361
5373
5393
5407
5417
5435
5437
5438
5450
5453
5462
5485
5492
5501
5505
5505
5508
5517
5522
5530
5533
5536
5537
5543
5544
5553
5554
5562
5572
5590
5591
5614
5643
5646
5649
5662
5664
5685
5688
5688
5702
5702
5707
5707
5719
5728
5730
5734
5737
5754
5755
5774
5777
5790
5806
5820
5824
5826
5829
5865
5866
5868
5869
5872
5946
5949
5979
6013
6019
6026
6037
6039
6044
6056
6067
6089
6097
6098
6101
6122
6151
6174
6180
6184
6184
6195
6200
6227
6243
6244
6244
6245
6269
6281
6283
6299
6312
6339
6356
6359
6377
6387
6395
6396
6423
6425
6436
6444
6446
6450
6455
6456
6460
6464
6467
6473
6479
6487
6505
6522
6529
6530
6530
6540
6557
6558
6563
6572
6578
6593
6620
6635
6639
6657
6660
6708
6733
6745
6750
6753
6755
6768
6784
6794
6818
6838
6850
6864
6878
6887
6890
6891
6893
6903
6909
6941
6950
6953
6954
6955
6960
6970
6979
6987
6996
6996
7006
7007
7010
7032
7036
7037
7037
7043
7044
7058
7060
7078
7092
7105
7108
7141
7152
7153
7155
7165
7188
7205
7206
7220
7236
7238
7240
7249
7250
7259
7283
7284
7304
7313
7317
7337
7352
7353
7361
7378
7380
7385
7399
7416
7416
7426
7435
7437
7460
7481
7500
7505
7510
7525
7527
7537
7553
7567
7584
7594
7594
7597
7597
7597
7602
7610
7611
7615
7629
7638
7647
7649
7665
7666
7673
7700
7707
7709
7711
7713
7717
7720
7741
7745
7750
7755
7757
7765
7771
7778
7784
7806
7806
7815
7820
7821
7833
7840
7851
7861
7869
7880
7892
7915
7918
7925
7929
7964
7967
7991
8004
8006
8024
8025
8029
8039
8041
8050
8051
8054
8067
8070
8081
8082
8087
8088
8090
8101
8103
8106
8111
8115
8122
8122
8125
8135
8135
8150
8153
8158
8163
8169
8183
8184
8186
8196
8230
8239
8252
8265
8283
8295
8303
8338
8342
8347
8376
8381
8384
8389
8389
8394
8395
8419
8424
8432
8434
8434
8438
8440
8444
8447
8470
8503
8504
8522
8527
8528
8532
8557
8562
8566
8567
8581
8582
8592
8621
8642
8666
8668
8684
8703
8704
8716
8765
8778
8785
8801
8809
8822
8827
8830
8841
8853
8857
8859
8861
8862
8873
8881
8888
8899
8901
8901
8904
8924
8953
8972
8979
8987
8994
9022
9025
9032
9039
9073
9078
9087
9096
9100
9103
9112
9113
9119
9120
9150
9164
9168
9173
9202
9214
9239
9249
9261
9264
9265
9272
9282
9285
9286
9288
9299
9305
9307
9322
9330
9337
9353
9357
9371
9372
9388
9391
9398
9405
9411
9435
9437
9443
9447
9458
9467
9473
9475
9483
9484
9489
9498
9500
9505
9510
9551
9551
9562
9581
9597
9604
9627
9628
9630
9639
9639
9646
9646
9659
9669
9669
9702
9717
9717
9721
9725
9726
9740
9743
9745
9748
9759
9777
9778
9792
9809
9818
9821
9829
9842
9843
9852
9865
9879
9894
9909
9913
9926
9928
9937
9959
9965
9972
9978
10000
10014
10020
10037
10059
10063
10070
10075
10086
10097
10108
10109
10119
10127
10132
10144
10149
10158
10183
10185
10192
10200
10205
10233
10233
10233
10267
10273
10277
10305
10307
10314
10318
10350
10360
10369
10382
10383
10405
10416
10422
10422
10429
10432
10447
10457
10460
10476
10480
10482
10486
10487
10511
10523
10574
10579
10583
10584
10586
10592
10605
10616
10618
10646
10647
10651
10660
10663
10665
10672
10689
10693
10707
10708
10712
10721
10732
10756
10766
10778
10789
10793
10811
10819
10823
10826
10833
10837
10865
10869
10912
10933
10943
10963
10978
10983
10999
11006
11006
11010
11016
11030
11041
11079
11081
11087
11093
11098
11109
11121
11139
11165
11177
11180
11191
11192
11200
11200
11229
11233
11235
11237
11245
11256
11268
11276
11288
11296
11327
11328
11337
11344
11356
11367
11371
11407
11417
11430
11436
11445
11445
11453
11478
11493
11500
11500
11507
11510
11516
11526
11551
11563
11574
11579
11588
11608
11619
11620
11634
11638
11644
11662
11668
11676
11687
11697
11710
11718
11736
11756
11758
11759
11759
11771
11771
11794
11800
11807
11821
11840
11851
11855
11857
11873
11878
11881
11886
11890
11893
11896
11900
11940
11953
11954
11955
11966
11972
11974
12010
12016
12025
12034
12045
12064
12071
12074
12090
12100
12107
12119
12144
12150
12168
12168
12182
12199
12218
12219
12220
12222
12240
12240
12247
12260
12269
12272
12292
12305
12327
12329
12361
12365
12368
12372
12375
12390
12394
12403
12409
12430
12435
12444
12466
12471
12489
12520
12526
12526
12531
12549
12554
12557
12578
12587
12590
12605
12627
12642
12643
12646
12649
12659
12660
12666
12670
12690
12691
12714
12716
12731
12732
12741
12781
12783
12791
12793
12802
12806
12813
12842
12842
12855
12871
12897
12904
12912
12923
12926
12927
12930
12941
12951
12964
12965
12971
12980
12991
12996
12996
13033
13033
13046
13047
13065
13066
13090
13092
13094
13096
13102
13126
13153
13155
13156
13156
13161
13165
13185
13195
13208
13222
13223
13225
13225
13246
13247
13248
13250
13261
13275
13305
13312
13314
13327
13329
13339
13352
13355
13389
13422
13422
13428
13450
13451
13454
13474
13475
13477
13485
13496
13501
13502
13506
13534
13541
13549
13568
13585
13588
13603
13606
13621
13627
13650
13653
13660
13667
13683
13687
13692
13706
13721
13724
13741
13745
13747
13759
13776
13777
13780
13792
13798
13799
13799
13804
13817
13826
13829
13833
13845
13859
13860
13869
13901
13914
13914
13925
13929
13938
13940
13959
13964
13969
13972
13973
13984
14007
14008
14011
14018
14043
14046
14052
14087
14091
14115
14143
14147
14157
14165
14166
14176
14182
14190
14192
14246
14264
14287
14291
14298
14312
14327
14331
14333
14352
14390
14397
14398
14410
14413
14417
14418
14433
14436
14443
14443
14468
14470
14488
14504
14507
14509
14517
14528
14561
14575
14584
14605
14611
14630
14636
14638
14641
14644
14662
14665
14671
14679
14680
14681
14693
14720
14723
14732
14750
14757
14759
14762
14766
14803
14804
14806
14812
14813
14819
14820
14824
14843
14844
14848
14853
14868
14880
14891
14892
14897
14898
14901
14904
14919
14926
14933
14937
14951
14959
14972
14987
14991
14999
15018
15021
15023
15029
15029
15031
15052
15055
15074
15079
15081
15084
15091
15092
15101
15127
15129
15136
15143
15144
15164
15187
15189
15192
15198
15201
15203
15207
15214
15226
15231
15248
15251
15293
15307
15309
15312
15331
15339
15354
15364
15401
15409
15414
15415
15416
15421
15423
15430
15435
15452
15457
15459
15461
15473
15482
15483
15483
15487
15514
15527
15527
15528
15529
15529
15536
15537
15540
15546
15555
15556
15561
15582
15593
15600
15602
15607
15608
15609
15622
15624
15626
15630
15633
15636
15653
15665
15686
15709
15709
15715
15721
15740
15770
15781
15784
15790
15829
15831
15835
15840
15841
15842
15843
15855
15870
15873
15890
15897
15909
15915
15916
15935
15938
15974
15983
15988
15989
16000
16029
16031
16036
16088
16105
16119
16121
16137
16159
16174
16174
16198
16216
16249
16279
16291
16332
16339
16368
16382
16384
16385
16402
16409
16415
16419
16421
16435
16451
16472
16484
16502
16504
16522
16522
16534
16536
16542
16546
16547
16567
16571
16575
16575
16593
16597
16623
16660
16663
16669
16675
16698
16731
16754
16759
16761
16809
16814
16818
16821
16832
16834
16841
16880
16887
16888
16891
16916
16919
16939
16940
16962
16967
17008
17057
17076
17076
17078
17101
17116
17118
17125
17147
17159
17161
17168
17180
17187
17210
17212
17214
17244
17258
17269
17281
17309
17310
17323
17326
17344
17345
17346
17367
17377
17385
17397
17398
17419
17421
17427
17440
17449
17473
17478
17480
17492
17523
17525
17527
17538
17544
17545
17549
17595
17630
17631
17635
17652
17662
17662
17677
17684
17702
17719
17721
17723
17735
17740
17769
17783
17794
17799
17800
17803
17822
17822
17868
17876
17879
17881
17886
17902
17913
17930
17948
17955
17961
17969
17987
18003
18015
18019
18020
18036
18045
18058
18060
18061
18069
18091
18109
18113
18113
18120
18124
18124
18127
18131
18144
18147
18153
18162
18182
18183
18204
18219
18227
18235
18250
18256
18264
18280
18292
18308
18311
18312
18313
18330
18331
18344
18348
18350
18354
18355
18355
18356
18372
18377
18381
18386
18401
18428
18431
18454
18462
18464
18464
18467
18474
18488
18490
18503
18516
18518
18526
18529
18535
18544
18562
18566
18580
18590
18592
18598
18613
18642
18644
18666
18677
18678
18679
18688
18688
18691
18697
18714
18723
18724
18730
18739
18752
18757
18769
18783
18788
18795
18796
18813
18828
18830
18834
18842
18852
18869
18887
18888
18896
18930
18942
18947
18961
18971
18973
18974
18990
18995
19012
19017
19021
19022
19053
19069
19073
19074
19075
19084
19091
19102
19126
19137
19137
19145
19153
19155
19179
19195
19204
19206
19214
19232
19236
19243
19277
19289
19314
19315
19324
19335
19380
19404
19431
19447
19447
19457
19463
19471
19472
19480
19483
19486
19519
19525
19528
19534
19548
19549
19555
19566
19566
19573
19584
19588
19600
19604
19619
19648
19673
19676
19676
19697
19706
19706
19720
19725
19752
19757
19765
19776
19786
19786
19809
19809
19819
19848
19850
19854
19861
19863
19870
19880
19893
19902
19913
19924
19963
19973
19974
19975
19990
19997
20030
20049
20053
20062
20071
20073
20086
20092
20094
20103
20103
20106
20125
20129
20137
20144
20145
20146
20148
20158
20162
20166
20180
20188
20202
20203
20208
20224
20242
20252
20254
20311
20312
20317
20319
20320
20324
20328
20329
20336
20343
20347
20388
20403
20411
20422
20423
20430
20445
20447
20452
20452
20461
20461
20462
20469
20477
20487
20527
20552
20556
20558
20568
20575
20580
20597
20600
20601
20609
20617
20619
20636
20638
20651
20653
20654
20666
20670
20683
20686
20692
20701
20737
20748
20754
20756
20759
20778
20789
20797
20806
20827
20828
20831
20833
20845
20885
20909
20930
20947
20947
20948
20950
20950
20951
20951
20978
20980
20996
21006
21007
21026
21027
21033
21050
21061
21080
21093
21113
21116
21130
21145
21147
21156
21156
21164
21183
21193
21200
21210
21211
21219
21259
21259
21262
21264
21269
21277
21284
21319
21329
21337
21345
21357
21368
21368
21385
21389
21401
21406
21407
21408
21424
21425
21436
21440
21455
21464
21466
21490
21494
21497
21505
21513
21529
21543
21553
21581
21583
21587
21588
21589
21589
21593
21602
21612
21617
21620
21626
21639
21664
21665
21680
21706
21710
21711
21716
21722
21723
21729
21758
21764
21768
21773
21775
21790
21791
21838
21840
21846
21884
21909
21927
21945
21946
21958
21960
21962
21968
21988
22003
22008
22037
22047
22051
22051
22055
22069
22109
22123
22147
22172
22199
22220
22233
22235
22238
22240
22260
22281
22296
22298
22301
22327
22330
22338
22348
22354
22356
22360
22373
22380
22381
22381
22389
22394
22405
22430
22437
22455
22457
22469
22471
22471
22475
22481
22496
22502
22537
22545
22545
22548
22558
22559
22562
22564
22577
22606
22606
22623
22625
22625
22656
22656
22657
22669
22679
22686
22704
22708
22720
22739
22754
22763
22764
22772
22788
22791
22797
22803
22809
22811
22811
22824
22826
22831
22831
22834
22837
22852
22856
22859
22860
22861
22863
22864
22886
22897
22898
22907
22916
22917
22920
22931
22932
22936
22961
22973
22976
22981
22982
22984
22987
22990
22997
23041
23055
23059
23062
23062
23065
23079
23094
23100
23109
23117
23120
23124
23125
23130
23149
23150
23153
23154
23168
23177
23194
23221
23232
23232
23236
23238
23244
23245
23250
23252
23256
23257
23267
23274
23282
23303
23306
23320
23341
23380
23390
23392
23395
23398
23398
23399
23428
23430
23480
23511
23518
23518
23529
23541
23560
23560
23578
23600
23603
23608
23645
23653
23661
23664
23669
23679
23682
23694
23703
23706
23712
23735
23737
23747
23761
23764
23770
23785
23797
23804
23811
23825
23828
23829
23832
23846
23847
23852
23852
23856
23861
23865
23883
23885
23888
23895
23930
23935
23935
23949
23949
23956
23971
23988
24000
24001
24006
24006
24013
24024
24029
24032
24040
24042
24048
24049
24050
24054
24054
24064
24077
24099
24104
24123
24128
24143
24146
24159
24173
24178
24180
24203
24210
24222
24228
24256
24263
24266
24274
24285
24288
24310
24311
24311
24328
24334
24356
24415
24421
24431
24440
24440
24447
24470
24560
24560
24563
24580
24584
24597
24610
24611
24627
24647
24672
24682
24691
24721
24725
24730
24735
24737
24746
24756
24790
24799
24805
24806
24813
24841
24888
24901
24916
24918
24951
24958
24965
24971
24978
24986
25006
25040
25057
25094
25097
25111
25123
25128
25155
25161
25164
25227
25236
25240
25251
25256
25260
25262
25286
25294
25299
25304
25329
25332
25336
25338
25363
25363
25373
25393
25408
25415
25416
25420
25432
25433
25442
25458
25475
25482
25501
25502
25505
25510
25521
25530
25534
25538
25539
25549
25551
25555
25598
25601
25601
25605
25613
25615
25637
25652
25664
25669
25680
25681
25688
25692
25697
25722
25754
25755
25763
25768
25775
25781
25781
25816
25820
25823
25825
25835
25840
25868
25869
25886
25917
25921
25927
25940
25954
25965
25967
25982
25992
26013
26019
26022
26030
26037
26037
26044
26049
26053
26061
26064
26070
26070
26074
26077
26079
26094
26100
26109
26126
26153
26153
26175
26205
26208
26216
26283
26284
26292
26294
26301
26312
26326
26344
26345
26353
26357
26376
26378
26395
26401
26411
26420
26429
26431
26447
26451
26451
26464
26469
26475
26487
26500
26504
26512
26512
26515
26535
26541
26543
26546
26565
26591
26600
26608
26613
26621
26650
26686
26691
26707
26726
26726
26730
26736
26762
26769
26783
26796
26797
26803
26815
26827
26830
26835
26844
26845
26858
26860
26863
26863
26885
26897
26904
26927
26929
26956
26959
26983
26986
26987
27001
27024
27028
27038
27040
27062
27064
27082
27094
27098
27107
27150
27169
27171
27172
27204
27207
27226
27227
27232
27246
27257
27270
27283
27286
27290
27290
27308
27354
27356
27356
27368
27371
27374
27376
27419
27430
27443
27444
27459
27460
27467
27473
27516
27523
27525
27533
27540
27541
27550
27552
27555
27556
27562
27580
27582
27582
27589
27601
27613
27619
27629
27631
27649
27650
27670
27677
27693
27707
27716
27723
27744
27749
27752
27764
27776
27784
27801
27806
27825
27844
27856
27857
27867
27868
27876
27882
27883
27916
27934
27937
27946
27961
27967
27973
27977
27997
28005
28047
28059
28061
28067
28068
28076
28093
28093
28095
28111
28125
28128
28130
28152
28159
28187
28192
28209
28234
28248
28252
28276
28277
28283
28294
28295
28296
28345
28347
28349
28350
28366
28374
28379
28382
28392
28393
28401
28405
28409
28423
28428
28440
28440
28455
28458
28488
28500
28501
28504
28517
28534
28544
28548
28574
28577
28586
28600
28603
28631
28646
28682
28685
28688
28729
28736
28739
28741
28744
28745
28751
28756
28762
28762
28792
28799
28805
28810
28815
28853
28860
28866
28870
28885
28885
28917
28920
28925
28953
28981
28983
28984
28989
29000
29018
29021
29042
29052
29055
29057
29062
29080
29082
29084
29098
29107
29117
29131
29139
29142
29144
29145
29152
29171
29173
29176
29179
29200
29209
29212
29217
29218
29221
29224
29228
29231
29236
29270
29286
29294
29310
29317
29324
29325
29337
29353
29354
29355
29355
29396
29408
29419
29432
29436
29438
29450
29494
29499
29502
29502
29505
29511
29532
29541
29549
29555
29579
29589
29591
29601
29608
29624
29652
29663
29671
29677
29684
29693
29697
29712
29731
29779
29784
29790
29790
29791
29798
29806
29841
29850
29865
29874
29896
29905
29909
29912
29934
29949
29958
29965
29973
29978
29990
29999
30012
30028
30032
30037
30054
30065
30075
30086
30087
30091
30128
30138
30141
30142
30160
30167
30173
30180
30197
30198
30240
30245
30250
30255
30266
30275
30281
30285
30308
30335
30338
30339
30341
30347
30363
30367
30382
30408
30408
30455
30457
30467
30475
30488
30489
30502
30508
30511
30546
30562
30564
30569
30576
30586
30587
30589
30593
30603
30609
30610
30624
30639
30657
30661
30694
30700
30709
30722
30730
30732
30744
30765
30766
30767
30780
30783
30797
30818
30819
30835
30837
30844
30859
30870
30878
30891
30891
30904
30918
30924
30926
30936
30939
30965
30977
30979
31011
31012
31060
31066
31070
31079
31104
31106
31107
31114
31121
31127
31134
31146
31149
31160
31168
31172
31192
31192
31194
31202
31206
31235
31242
31247
31257
31276
31277
31279
31284
31287
31291
31323
31337
31340
31356
31359
31367
31382
31389
31391
31391
31394
31436
31456
31462
31464
31484
31487
31512
31512
31530
31569
31577
31578
31589
31593
31633
31649
31658
31660
31661
31674
31677
31679
31690
31696
31700
31701
31702
31719
31722
31731
31738
31743
31763
31766
31772
31777
31782
31787
31796
31818
31830
31837
31843
31880
31881
31882
31885
31898
31919
31926
31943
31944
31945
31981
31988
32022
32023
32024
32031
32041
32043
32046
32057
32060
32103
32106
32115
32146
32147
32151
32162
32167
32171
32191
32191
32193
32199
32223
32223
32226
32279
32285
32303
32307
32308
32313
32328
32328
32330
32332
32334
32370
32386
32396
32405
32408
32423
32428
32441
32447
32464
32469
32491
32513
32515
32517
32537
32538
32540
32572
32575
32576
32582
32592
32598
32598
32606
32619
32632
32637
32642
32669
32670
32672
32708
32738
32738
32744
32764
32783
32787
32797
32814
32848
32862
32879
32881
32884
32886
32891
32893
32905
32909
32909
32914
32957
32973
32978
32981
32985
32991
32999
33024
33039
33041
33043
33049
33072
33128
33131
33156
33160
33167
33168
33169
33172
33190
33193
33201
33206
33207
33229
33239
33244
33256
33260
33260
33265
33271
33272
33301
33301
33307
33341
33355
33371
33380
33403
33404
33419
33427
33442
33476
33479
33491
33503
33504
33510
33511
33524
33530
33545
33546
33559
33587
33595
33599
33605
33609
33609
33636
33657
33681
33695
33712
33726
33727
33733
33738
33739
33745
33750
33751
33752
33773
33773
33776
33789
33803
33814
33815
33830
33865
33868
33869
33879
33894
33898
33900
33904
33908
33908
33923
33980
33982
33998
33999
34014
34033
34034
34036
34051
34054
34064
34072
34079
34090
34093
34095
34103
34158
34201
34209
34210
34214
34219
34221
34249
34255
34273
34285
34289
34294
34297
34301
34319
34327
34336
34357
34357
34357
34391
34404
34432
34447
34456
34464
34467
34470
34472
34477
34486
34512
34534
34535
34550
34567
34568
34575
34608
34615
34625
34632
34640
34650
34658
34671
34675
34678
34701
34732
34750
34757
34766
34766
34781
34782
34785
34788
34802
34812
34815
34828
34840
34856
34872
34874
34895
34910
34915
34917
34925
34943
34946
34948
34948
34954
34963
34964
34967
34967
34968
34971
34997
34999
35003
35010
35042
35047
35055
35056
35080
35095
35117
35120
35125
35141
35141
35157
35159
35161
35175
35186
35190
35199
35221
35238
35247
35261
35275
35302
35323
35330
35358
35360
35363
35381
35387
35390
35390
35399
35405
35409
35410
35412
35417
35418
35428
35439
35444
35456
35457
35458
35465
35467
35497
35497
35499
35500
35529
35566
35574
35589
35595
35601
35608
35623
35642
35647
35659
35670
35678
35680
35689
35692
35707
35726
35742
35744
35747
35765
35770
35772
35781
35791
35795
35799
35818
35843
35847
35851
35879
35880
35880
35882
35895
35903
35909
35953
35953
35954
35961
35961
35968
35969
35974
35979
35987
35987
36010
36010
36014
36019
36025
36029
36041
36047
36050
36051
36053
36054
36058
36058
36075
36077
36100
36111
36116
36121
36131
36182
36185
36206
36211
36211
36211
36213
36221
36221
36241
36246
36250
36252
36255
36267
36272
36274
36286
36297
36299
36302
36313
36321
36334
36336
36345
36365
36367
36372
36374
36382
36382
36396
36437
36438
36507
36518
36525
36526
36533
36535
36540
36578
36588
36597
36612
36624
36650
36654
36679
36690
36714
36724
36734
36751
36754
36766
36775
36776
36798
36800
36801
36828
36835
36836
36857
36864
36865
36867
36878
36885
36889
36910
36943
36945
36956
36960
36966
36992
36993
36998
37004
37009
37017
37021
37030
37038
37041
37044
37069
37072
37073
37074
37075
37096
37107
37111
37127
37135
37141
37146
37160
37163
37166
37172
37173
37198
37200
37201
37223
37230
37239
37245
37271
37287
37320
37343
37348
37361
37365
37366
37374
37388
37403
37412
37416
37423
37425
37474
37482
37491
37493
37493
37499
37502
37510
37522
37544
37552
37555
37555
37563
37594
37597
37603
37609
37622
37627
37630
37648
37658
37717
37724
37728
37729
37745
37764
37767
37772
37815
37820
37826
37838
37845
37852
37852
37855
37861
37866
37869
37887
37907
37908
37918
37920
37933
37949
37952
37969
37974
37977
37984
37987
37993
38002
38002
38015
38018
38024
38049
38053
38056
38057
38062
38070
38072
38072
38084
38094
38103
38119
38145
38146
38180
38192
38197
38233
38242
38261
38264
38267
38269
38279
38284
38287
38292
38292
38298
38305
38308
38308
38315
38332
38336
38343
38344
38346
38350
38368
38369
38373
38382
38394
38435
38445
38450
38451
38452
38464
38471
38490
38495
38499
38547
38548
38548
38550
38576
38617
38621
38623
38627
38647
38682
38710
38720
38732
38735
38753
38754
38756
38767
38768
38769
38770
38773
38779
38793
38796
38797
38804
38807
38810
38813
38817
38817
38817
38826
38826
38850
38855
38857
38861
38884
38907
38954
38957
38968
38969
38993
38999
39002
39009
39027
39034
39050
39051
39053
39061
39110
39117
39127
39131
39142
39150
39151
39180
39187
39196
39212
39223
39236
39238
39250
39253
39270
39287
39292
39298
39301
39303
39306
39309
39317
39323
39327
39331
39341
39373
39378
39384
39400
39421
39421
39429
39432
39436
39437
39439
39442
39451
39461
39468
39469
39469
39481
39491
39506
39551
39559
39578
39596
39614
39616
39642
39668
39672
39692
39697
39707
39713
39716
39750
39752
39759
39766
39775
39776
39791
39817
39818
39826
39850
39857
39864
39872
39883
39901
39915
39934
39938
39951
39952
39957
39962
39972
39985
39993
39996
39999
39999
40003
40006
40013
40019
40019
40054
40058
40069
40069
40074
40076
40087
40093
40109
40111
40118
40119
40124
40129
40141
40157
40161
40162
40169
40174
40178
40181
40185
40189
40196
40210
40220
40221
40223
40230
40237
40237
40241
40253
40259
40294
40302
40304
40308
40336
40342
40375
40380
40389
40393
40395
40410
40416
40422
40426
40442
40461
40475
40480
40500
40511
40518
40528
40536
40554
40568
40569
40578
40606
40620
40625
40628
40636
40644
40656
40677
40689
40691
40703
40705
40709
40709
40714
40718
40730
40734
40745
40757
40765
40779
40780
40789
40793
40811
40817
40840
40872
40898
40915
40929
40958
40965
40973
41002
41012
41028
41031
41051
41052
41055
41061
41072
41089
41091
41121
41165
41165
41174
41180
41189
41194
41197
41222
41225
41227
41250
41250
41264
41278
41293
41303
41306
41309
41316
41321
41341
41358
41359
41362
41363
41373
41384
41404
41419
41427
41432
41439
41451
41466
41478
41482
41513
41518
41532
41546
41560
41564
41568
41571
41576
41576
41577
41586
41626
41633
41655
41665
41680
41683
41691
41694
41707
41750
41765
41766
41774
41832
41836
41839
41843
41846
41862
41865
41900
41902
41903
41941
41942
41945
41970
41980
41987
42000
42004
42025
42027
42028
42038
42042
42068
42070
42072
42087
42094
42101
42114
42115
42136
42153
42174
42186
42201
42207
42229
42230
42232
42234
42241
42248
42249
42251
42254
42259
42274
42280
42281
42283
42293
42298
42307
42316
42324
42338
42344
42350
42357
42380
42474
42476
42481
42498
42499
42512
42514
42516
42528
42558
42575
42577
42579
42584
42595
42603
42611
42616
42628
42632
42634
42651
42678
42680
42710
42733
42738
42741
42749
42750
42763
42786
42788
42798
42799
42804
42808
42811
42819
42823
42827
42828
42829
42840
42859
42864
42867
42867
42871
42883
42890
42892
42919
42921
42925
42959
42965
42994
43023
43029
43032
43058
43067
43085
43105
43121
43122
43128
43142
43152
43165
43189
43190
43190
43206
43207
43211
43240
43247
43247
43247
43259
43286
43293
43294
43317
43322
43323
43324
43384
43409
43411
43416
43419
43422
43427
43436
43465
43467
43472
43486
43488
43490
43504
43518
43549
43551
43559
43576
43586
43597
43601
43603
43612
43623
43628
43641
43647
43680
43706
43723
43728
43740
43743
43755
43755
43756
43776
43785
43786
43793
43802
43805
43831
43835
43839
43862
43876
43923
43943
43946
43948
43951
43976
43994
44011
44017
44027
44084
44111
44125
44144
44148
44197
44209
44228
44229
44231
44239
44264
44268
44299
44303
44311
44322
44325
44325
44327
44328
44342
44360
44362
44377
44383
44391
44396
44418
44431
44431
44434
44436
44442
44445
44445
44456
44460
44466
44477
44501
44518
44532
44538
44550
44561
44567
44591
44595
44598
44600
44606
44620
44622
44624
44648
44663
44668
44674
44676
44682
44726
44728
44734
44736
44741
44743
44748
44757
44758
44768
44789
44792
44795
44798
44801
44802
44804
44806
44813
44848
44850
44857
44863
44863
44889
44896
44914
44929
44936
44937
44937
44960
44961
44976
44994
44998
45016
45024
45024
45031
45042
45043
45061
45105
45133
45134
45136
45142
45146
45155
45161
45191
45200
45200
45203
45205
45229
45253
45299
45306
45312
45340
45349
45359
45365
45402
45403
45403
45404
45430
45441
45445
45451
45460
45462
45462
45465
45478
45485
45494
45495
45496
45499
45515
45522
45558
45559
45559
45575
45579
45583
45603
45630
45639
45656
45657
45681
45683
45689
45696
45697
45706
45734
45741
45748
45763
45773
45777
45778
45795
45802
45805
45812
45817
45819
45827
45836
45869
45870
45880
45883
45908
45929
45934
45950
45950
45951
45970
45976
45993
45998
46004
46028
46035
46035
46037
46044
46057
46075
46078
46087
46095
46114
46127
46150
46153
46158
46162
46164
46195
46236
46242
46242
46246
46266
46274
46280
46283
46289
46294
46299
46305
46308
46308
46312
46325
46325
46336
46337
46340
46348
46367
46374
46377
46382
46400
46409
46417
46447
46461
46485
46501
46508
46508
46510
46519
46520
46538
46562
46566
46575
46579
46589
46592
46593
46593
46607
46624
46627
46631
46633
46641
46654
46656
46685
46687
46718
46752
46772
46777
46801
46814
46830
46834
46856
46865
46868
46873
46879
46896
46898
46903
46909
46932
46951
46955
46978
46983
47010
47031
47046
47057
47079
47083
47086
47091
47112
47118
47156
47164
47166
47171
47188
47212
47234
47238
47239
47257
47267
47274
47282
47283
47296
47296
47298
47311
47312
47329
47351
47372
47377
47397
47399
47418
47424
47427
47443
47446
47457
47461
47509
47519
47519
47528
47539
47541
47551
47552
47555
47558
47560
47571
47571
47581
47613
47626
47644
47650
47661
47665
47675
47693
47708
47724
47727
47727
47743
47754
47768
47783
47800
47805
47816
47841
47842
47846
47871
47883
47892
47905
47913
47914
47945
47952
47973
47997
48013
48014
48029
48034
48035
48047
48049
48054
48058
48063
48074
48084
48091
48093
48099
48105
48107
48107
48121
48125
48131
48141
48165
48175
48181
48184
48187
48241
48242
48260
48266
48269
48285
48294
48304
48312
48334
48335
48337
48347
48363
48374
48379
48383
48393
48409
48416
48420
48428
48432
48436
48456
48482
48487
48493
48494
48497
48500
48509
48513
48515
48517
48521
48524
48561
48569
48569
48586
48591
48599
48608
48610
48613
48619
48620
48622
48632
48654
48661
48663
48664
48696
48712
48726
48733
48737
48748
48751
48753
48762
48765
48781
48781
48797
48810
48812
48819
48820
48825
48830
48834
48894
48894
48905
48917
48920
48933
48937
48937
48939
48953
48954
48962
48980
48987
48987
49003
49026
49031
49046
49079
49085
49091
49108
49133
49141
49147
49154
49161
49168
49178
49205
49215
49222
49223
49228
49230
49247
49258
49271
49278
49278
49304
49305
49325
49327
49358
49364
49395
49442
49459
49469
49484
49489
49493
49517
49529
49552
49572
49590
49599
49599
49601
49602
49615
49618
49631
49634
49637
49638
49644
49645
49650
49654
49666
49675
49679
49717
49721
49735
49743
49749
49763
49776
49782
49801
49823
49843
49851
49856
49857
49858
49883
49896
49898
49902
49906
49921
49944
49983
49989
50001
50044
50053
50054
50077
50077
50089
50092
50093
50113
50118
50127
50137
50141
50143
50145
50154
50168
50195
50205
50209
50222
50226
50227
50229
50259
50270
50280
50296
50310
50340
50342
50360
50373
50393
50400
50402
50412
50419
50462
50467
50475
50494
50519
50524
50528
50541
50547
50551
50555
50570
50582
50584
50601
50604
50615
50623
50626
50635
50636
50657
50661
50671
50688
50695
50700
50704
50711
50717
50724
50752
50754
50785
50802
50816
50841
50862
50866
50875
50879
50885
50889
50889
50890
50906
50912
50913
50915
50916
50927
50931
50935
50978
50982
50984
50985
50998
51016
51026
51045
51046
51046
51057
51058
51060
51072
51081
51081
51098
51100
51115
51150
51151
51163
51164
51165
51173
51194
51196
51197
51206
51207
51209
51212
51216
51225
51241
51250
51251
51261
51261
51262
51263
51279
51290
51318
51319
51347
51356
51374
51375
51378
51437
51445
51446
51471
51479
51490
51507
51513
51522
51523
51533
51553
51556
51574
51575
51589
51606
51618
51643
51691
51692
51692
51708
51719
51719
51732
51746
51748
51761
51763
51774
51804
51827
51829
51853
51861
51862
51866
51868
51869
51884
51886
51899
51902
51903
51906
51924
51947
51973
51977
51980
51981
51983
51992
52000
52009
52012
52014
52017
52020
52058
52063
52093
52096
52101
52103
52104
52105
52107
52107
52112
52125
52135
52136
52167
52195
52199
52204
52215
52219
52231
52237
52250
52266
52269
52272
52273
52280
52283
52321
52327
52329
52336
52367
52368
52369
52376
52404
52410
52410
52431
52438
52440
52443
52455
52463
52467
52479
52480
52486
52493
52506
52509
52510
52531
52545
52549
52559
52575
52578
52595
52629
52660
52671
52674
52682
52692
52712
52719
52721
52733
52734
52771
52788
52798
52799
52799
52799
52818
52840
52854
52911
52941
52948
52949
52963
52994
53003
53009
53027
53028
53052
53065
53067
53083
53100
53124
53132
53139
53140
53163
53167
53176
53178
53192
53196
53221
53228
53234
53237
53252
53267
53292
53300
53301
53301
53305
53309
53314
53315
53323
53335
53339
53353
53364
53374
53383
53383
53386
53418
53418
53428
53436
53447
53451
53455
53473
53481
53498
53508
53531
53555
53561
53568
53573
53577
53578
53583
53586
53592
53611
53621
53622
53624
53640
53644
53648
53655
53661
53663
53701
53707
53752
53756
53798
53799
53809
53820
53828
53831
53831
53832
53853
53869
53874
53902
53908
53920
53925
53933
53936
53939
53957
53971
53974
53979
53985
53998
54002
54018
54027
54044
54053
54073
54077
54082
54090
54120
54127
54129
54151
54177
54213
54219
54222
54227
54247
54250
54256
54258
54259
54260
54261
54264
54271
54307
54312
54320
54325
54327
54331
54341
54350
54376
54378
54379
54393
54399
54407
54410
54448
54448
54449
54451
54456
54520
54538
54540
54543
54553
54564
54565
54574
54578
54584
54645
54688
54697
54711
54721
54733
54735
54766
54783
54787
54792
54799
54800
54804
54836
54836
54859
54870
54905
54911
54913
54921
54933
54934
54941
54944
54956
54971
54976
54977
54985
55016
55028
55039
55047
55055
55076
55093
55099
55105
55127
55133
55141
55148
55158
55172
55183
55185
55186
55211
55214
55216
55221
55233
55252
55270
55274
55276
55277
55284
55288
55301
55307
55310
55315
55335
55337
55352
55354
55374
55404
55404
55412
55418
55425
55434
55439
55439
55452
55464
55478
55482
55513
55538
55541
55553
55560
55575
55576
55578
55579
55581
55598
55610
55622
55634
55641
55643
55651
55670
55670
55677
55696
55705
55707
55725
55739
55744
55754
55772
55793
55800
55805
55829
55835
55839
55868
55921
55928
55928
55934
55960
55966
55971
55994
56003
56015
56029
56061
56062
56063
56069
56073
56084
56084
56104
56117
56125
56129
56130
56134
56161
56174
56179
56191
56193
56194
56209
56219
56223
56225
56228
56248
56265
56269
56272
56275
56291
56294
56307
56317
56320
56334
56340
56378
56383
56387
56402
56404
56439
56440
56451
56463
56489
56493
56504
56524
56528
56534
56534
56546
56565
56570
56570
56589
56603
56618
56619
56621
56635
56636
56654
56690
56695
56700
56701
56704
56726
56730
56731
56760
56763
56774
56776
56810
56814
56827
56830
56831
56838
56851
56856
56870
56886
56901
56904
56923
56929
56966
56992
56997
56997
57009
57013
57014
57025
57037
57044
57064
57068
57081
57091
57111
57129
57132
57148
57156
57180
57181
57204
57206
57211
57221
57227
57261
57269
57273
57289
57289
57297
57306
57306
57311
57337
57346
57346
57350
57358
57362
57364
57375
57376
57379
57383
57400
57403
57406
57435
57438
57438
57440
57462
57467
57487
57508
57512
57517
57517
57522
57522
57530
57534
57548
57566
57596
57597
57628
57637
57641
57685
57699
57727
57733
57742
57758
57793
57844
57844
57854
57868
57875
57908
57918
57925
57933
57949
57959
57971
57975
57993
58033
58043
58047
58089
58099
58107
58113
58136
58139
58153
58158
58164
58166
58171
58175
58177
58183
58217
58227
58237
58244
58254
58260
58270
58281
58286
58301
58317
58328
58330
58370
58376
58378
58402
58403
58415
58423
58423
58448
58448
58467
58475
58481
58484
58486
58493
58540
58545
58550
58554
58556
58557
58583
58596
58613
58615
58618
58623
58635
58644
58670
58678
58679
58698
58723
58731
58735
58744
58748
58758
58758
58761
58782
58783
58835
58867
58869
58873
58895
58912
58917
58934
58934
58945
58946
58951
58955
58956
58964
58971
58971
58980
58981
59006
59023
59028
59032
59046
59047
59098
59098
59105
59112
59113
59115
59133
59137
59144
59151
59195
59198
59225
59226
59234
59248
59250
59262
59264
59292
59305
59307
59310
59317
59318
59322
59331
59344
59359
59362
59362
59363
59366
59371
59377
59383
59389
59397
59399
59415
59430
59434
59453
59467
59476
59489
59490
59504
59523
59523
59534
59553
59566
59568
59573
59586
59593
59593
59602
59606
59607
59609
59612
59615
59617
59630
59643
59681
59682
59683
59703
59721
59739
59748
59749
59766
59772
59803
59810
59817
59825
59826
59834
59842
59842
59843
59845
59850
59856
59875
59890
59891
59893
59900
59914
59929
59934
59939
59941
59944
59973
59989
59990
59997
59998
60020
60029
60045
60048
60074
60099
60106
60110
60122
60129
60139
60139
60150
60155
60161
60175
60179
60208
60209
60210
60217
60224
60230
60234
60236
60257
60279
60284
60285
60296
60303
60319
60329
60343
60351
60379
60379
60386
60393
60399
60410
60428
60436
60441
60443
60458
60469
60479
60489
60499
60503
60523
60524
60533
60547
60547
60552
60553
60559
60563
60569
60578
60589
60593
60605
60606
60608
60611
60646
60676
60681
60693
60695
60700
60709
60722
60725
60726
60748
60750
60771
60772
60777
60783
60786
60799
60802
60870
60882
60891
60899
60922
60933
60947
60958
60966
60981
60982
60984
60988
60990
60994
60998
60999
61005
61041
61042
61053
61060
61064
61070
61075
61082
61083
61093
61094
61099
61108
61140
61142
61143
61146
61169
61171
61182
61186
61188
61188
61189
61192
61209
61220
61221
61224
61224
61226
61226
61230
61231
61232
61239
61247
61256
61266
61272
61335
61351
61363
61363
61364
61368
61380
61400
61402
61422
61433
61451
61469
61481
61489
61516
61531
61532
61540
61540
61553
61556
61572
61576
61578
61583
61590
61625
61641
61651
61680
61682
61684
61697
61697
61708
61714
61726
61747
61753
61765
61786
61786
61799
61819
61821
61825
61835
61839
61854
61872
61884
61885
61887
61893
61894
61900
61909
61915
61937
61943
61950
61956
61960
61965
61977
61978
61981
61992
62016
62016
62022
62025
62026
62028
62043
62051
62078
62089
62095
62102
62103
62114
62117
62121
62123
62139
62139
62155
62165
62169
62170
62187
62218
62224
62232
62239
62247
62259
62270
62281
62281
62304
62306
62308
62331
62351
62355
62367
62382
62397
62415
62423
62443
62460
62469
62471
62479
62496
62498
62500
62501
62517
62526
62534
62562
62566
62575
62600
62608
62608
62611
62633
62646
62649
62650
62681
62687
62694
62695
62708
62710
62744
62747
62754
62754
62777
62799
62802
62804
62810
62812
62815
62820
62831
62840
62857
62865
62867
62875
62884
62899
62907
62917
62928
62930
62939
62941
62959
62974
62977
62986
62988
62988
62990
62995
63024
63040
63067
63081
63089
63090
63109
63117
63123
63126
63136
63138
63144
63177
63192
63199
63205
63211
63217
63220
63226
63242
63253
63261
63276
63284
63286
63290
63290
63292
63296
63296
63309
63332
63345
63352
63356
63361
63394
63399
63422
63423
63435
63439
63450
63459
63464
63468
63468
63487
63496
63514
63520
63526
63528
63528
63530
63534
63538
63555
63559
63562
63569
63570
63572
63626
63629
63641
63642
63656
63673
63675
63675
63702
63713
63721
63722
63724
63725
63727
63732
63743
63748
63771
63772
63788
63807
63813
63815
63828
63837
63842
63852
63860
63863
63899
63907
63909
63916
63917
63928
63940
63945
63987
63989
63990
64009
64034
64042
64053
64093
64097
64116
64128
64166
64178
64182
64182
64190
64207
64209
64213
64222
64223
64224
64227
64253
64254
64262
64262
64271
64292
64328
64329
64330
64333
64335
64339
64340
64343
64361
64370
64378
64379
64379
64381
64386
64387
64393
64405
64419
64429
64446
64454
64459
64463
64480
64518
64519
64530
64554
64560
64563
64568
64576
64599
64608
64610
64621
64634
64638
64649
64650
64658
64664
64673
64678
64680
64686
64687
64687
64703
64716
64721
64744
64779
64780
64782
64789
64793
64818
64834
64842
64853
64863
64877
64879
64894
64896
64901
64901
64902
64902
64912
64912
64919
64932
64937
64953
64969
64988
65005
65031
65033
65039
65040
65055
65071
65076
65093
65093
65099
65100
65124
65130
65137
65146
65152
65172
65174
65177
65186
65206
65210
65233
65233
65253
65259
65263
65266
65272
65272
65278
65282
65284
65302
65311
65319
65325
65330
65334
65334
65340
65342
65363
65367
65382
65392
65393
65414
65417
65422
65433
65445
65450
65463
65471
65473
65481
65489
65495
65525
65551
65574
65585
65627
65633
65649
65651
65664
65680
65690
65704
65743
65749
65766
65771
65775
65790
65790
65798
65828
65839
65846
65861
65873
65884
65898
65900
65908
65914
65926
65930
65942
65951
65959
65971
65982
65983
66012
66014
66019
66025
66030
66053
66056
66056
66065
66066
66087
66088
66146
66147
66151
66173
66174
66181
66194
66207
66217
66260
66278
66287
66290
66293
66303
66331
66346
66347
66375
66376
66377
66384
66386
66403
66406
66429
66435
66463
66469
66486
66501
66515
66528
66533
66543
66544
66556
66583
66584
66596
66596
66601
66610
66611
66616
66620
66622
66627
66634
66635
66636
66655
66673
66690
66693
66697
66707
66718
66734
66735
66743
66745
66750
66762
66762
66789
66799
66800
66807
66810
66810
66840
66846
66856
66866
66869
66879
66883
66893
66894
66919
66934
66946
66958
66959
66963
66976
67027
67034
67035
67036
67038
67047
67048
67049
67081
67085
67103
67117
67154
67157
67161
67175
67198
67199
67219
67220
67279
67287
67292
67301
67305
67313
67319
67320
67326
67328
67350
67351
67353
67360
67360
67360
67362
67374
67379
67390
67406
67413
67427
67442
67442
67452
67452
67460
67460
67470
67479
67482
67492
67494
67511
67525
67536
67546
67557
67582
67585
67593
67602
67609
67632
67636
67647
67655
67671
67672
67676
67678
67693
67733
67745
67752
67758
67772
67787
67794
67803
67804
67819
67820
67823
67830
67835
67841
67842
67844
67871
67885
67914
67918
67952
67955
67961
67983
67987
67994
68000
68001
68002
68033
68037
68056
68059
68075
68082
68085
68109
68112
68113
68115
68117
68126
68127
68142
68153
68159
68160
68168
68174
68194
68195
68200
68201
68207
68216
68234
68235
68239
68243
68253
68267
68273
68277
68287
68291
68295
68304
68309
68326
68340
68340
68343
68348
68357
68358
68366
68366
68372
68379
68387
68396
68416
68422
68422
68460
68517
68521
68525
68556
68558
68563
68568
68572
68573
68576
68578
68579
68590
68622
68635
68638
68640
68656
68675
68697
68698
68716
68726
68729
68732
68732
68736
68746
68746
68763
68770
68779
68786
68798
68824
68837
68851
68852
68858
68858
68879
68892
68892
68892
68897
68907
68920
68922
68928
68929
68935
68936
68949
68963
68991
68996
69020
69034
69035
69039
69054
69064
69066
69085
69095
69100
69133
69143
69158
69158
69163
69176
69177
69179
69214
69219
69221
69255
69284
69288
69291
69292
69305
69311
69319
69331
69331
69349
69350
69361
69364
69378
69378
69383
69386
69399
69404
69411
69412
69421
69434
69444
69447
69454
69465
69474
69487
69497
69515
69521
69532
69535
69537
69541
69545
69571
69575
69592
69631
69637
69644
69664
69665
69669
69674
69675
69677
69693
69706
69714
69716
69721
69724
69754
69760
69763
69800
69811
69818
69820
69831
69840
69841
69843
69852
69873
69886
69898
69909
69914
69932
69948
69953
69981
69990
69999
70005
70010
70015
70036
70047
70057
70057
70065
70086
70100
70117
70122
70125
70144
70160
70162
70169
70181
70190
70193
70202
70221
70229
70231
70255
70271
70271
70284
70288
70316
70324
70327
70327
70332
70336
70343
70351
70361
70365
70371
70380
70403
70407
70412
70414
70417
70436
70471
70498
70528
70543
70546
70553
70554
70556
70567
70585
70598
70599
70610
70624
70624
70636
70641
70649
70651
70654
70675
70704
70705
70706
70726
70735
70735
70745
70747
70749
70750
70757
70767
70783
70784
70787
70790
70795
70810
70826
70882
70890
70896
70899
70904
70909
70913
70917
70924
70930
70936
70939
70941
70956
70965
70967
70983
70985
70987
71000
71003
71003
71004
71014
71015
71016
71026
71035
71039
71046
71051
71053
71056
71058
71060
71069
71070
71085
71098
71101
71103
71115
71116
71118
71121
71122
71123
71127
71144
71146
71147
71151
71153
71157
71164
71167
71177
71194
71206
71215
71218
71227
71227
71248
71253
71258
71263
71266
71300
71349
71350
71353
71379
71381
71399
71422
71434
71434
71444
71462
71468
71471
71474
71480
71483
71501
71506
71507
71508
71508
71532
71535
71542
71556
71562
71580
71606
71621
71624
71638
71661
71663
71703
71725
71757
71758
71793
71813
71815
71821
71823
71824
71834
71840
71842
71842
71853
71853
71861
71863
71864
71884
71899
71899
71917
71933
71958
71982
71985
72012
72012
72044
72047
72055
72059
72070
72083
72089
72092
72093
72096
72107
72111
72133
72146
72170
72173
72195
72218
72224
72228
72230
72236
72256
72271
72274
72275
72280
72281
72281
72297
72297
72315
72325
72361
72377
72382
72383
72405
72413
72416
72422
72422
72423
72424
72435
72443
72460
72463
72483
72483
72485
72498
72518
72530
72543
72544
72552
72575
72577
72577
72582
72585
72596
72601
72622
72651
72665
72670
72673
72674
72684
72693
72708
72712
72719
72750
72760
72765
72769
72773
72804
72837
72840
72846
72849
72879
72892
72902
72909
72929
72929
72931
72933
72953
72958
72975
72986
73038
73041
73041
73042
73048
73052
73053
73077
73087
73088
73089
73102
73130
73137
73147
73153
73175
73202
73203
73211
73211
73240
73254
73286
73286
73286
73303
73303
73325
73328
73341
73354
73368
73373
73377
73380
73381
73387
73389
73390
73393
73401
73406
73416
73418
73426
73427
73439
73449
73457
73458
73462
73502
73526
73529
73529
73536
73549
73557
73563
73571
73584
73596
73621
73662
73700
73702
73726
73743
73773
73782
73797
73800
73801
73804
73813
73818
73819
73828
73833
73837
73852
73855
73862
73868
73876
73895
73914
73923
73931
73942
73944
73958
73967
73988
74002
74020
74030
74061
74062
74067
74081
74082
74084
74093
74098
74112
74118
74120
74136
74152
74157
74157
74171
74178
74185
74185
74194
74222
74257
74269
74271
74276
74291
74296
74300
74300
74303
74304
74315
74342
74344
74345
74379
74396
74408
74414
74439
74440
74491
74506
74508
74510
74528
74533
74537
74566
74577
74579
74602
74604
74612
74614
74627
74628
74645
74645
74647
74671
74682
74689
74689
74695
74701
74702
74706
74716
74717
74722
74742
74742
74743
74766
74800
74806
74820
74822
74828
74829
74838
74838
74869
74891
74896
74898
74904
74942
74949
74953
74959
74977
74977
74984
74985
75014
75028
75029
75032
75036
75039
75057
75069
75070
75077
75097
75101
75120
75129
75136
75138
75140
75142
75163
75173
75174
75219
75234
75249
75269
75270
75275
75279
75283
75287
75298
75328
75391
75395
75399
75403
75415
75434
75434
75436
75451
75490
75491
75499
75510
75511
75519
75531
75532
75573
75579
75582
75586
75613
75619
75628
75646
75647
75658
75664
75667
75675
75677
75692
75694
75706
75729
75738
75765
75767
75786
75790
75796
75797
75800
75823
75825
75828
75829
75838
75842
75861
75872
75890
75890
75894
75895
75897
75909
75917
75942
75951
75969
75969
75982
75985
75987
76001
76030
76051
76055
76070
76071
76076
76085
76086
76101
76109
76132
76132
76146
76146
76156
76159
76205
76205
76215
76220
76227
76230
76248
76255
76281
76290
76291
76301
76304
76322
76339
76360
76374
76376
76380
76388
76416
76426
76444
76458
76479
76492
76497
76508
76519
76528
76538
76546
76566
76571
76598
76599
76604
76619
76671
76679
76692
76696
76718
76721
76734
76741
76743
76764
76771
76773
76782
76784
76792
76820
76826
76839
76851
76861
76891
76892
76897
76912
76926
76953
76962
76978
76997
77001
77007
77009
77013
77017
77019
77054
77067
77077
77102
77112
77123
77137
77145
77152
77158
77172
77173
77200
77204
77204
77217
77257
77262
77282
77288
77292
77321
77324
77326
77326
77361
77363
77366
77370
77370
77378
77384
77401
77410
77424
77427
77427
77432
77439
77464
77466
77468
77472
77490
77492
77502
77511
77512
77514
77514
77517
77564
77566
77571
77592
77600
77603
77606
77608
77615
77634
77638
77646
77652
77662
77669
77682
77683
77691
77725
77730
77738
77756
77784
77789
77795
77795
77809
77815
77827
77834
77849
77883
77884
77886
77890
77896
77918
77932
77938
77969
77974
77977
77977
77993
78045
78051
78061
78061
78094
78096
78107
78113
78125
78133
78141
78158
78171
78172
78187
78215
78217
78223
78227
78235
78242
78253
78255
78261
78301
78304
78307
78315
78321
78335
78338
78357
78359
78361
78373
78376
78393
78394
78398
78401
78406
78415
78425
78444
78462
78495
78512
78519
78522
78522
78522
78523
78532
78533
78534
78535
78546
78562
78576
78578
78598
78604
78624
78627
78645
78647
78651
78651
78659
78666
78669
78673
78675
78676
78679
78704
78710
78710
78711
78718
78741
78748
78766
78792
78800
78807
78815
78826
78829
78838
78844
78870
78886
78895
78902
78917
78925
78929
78945
78952
78960
78964
78969
78973
78979
78983
78985
79020
79030
79035
79041
79046
79057
79060
79061
79076
79076
79084
79091
79100
79114
79114
79116
79121
79122
79125
79134
79143
79144
79147
79147
79155
79157
79184
79210
79210
79219
79225
79228
79230
79259
79271
79286
79334
79337
79337
79343
79345
79358
79361
79367
79393
79397
79425
79453
79454
79471
79477
79488
79510
79516
79521
79538
79548
79552
79553
79554
79562
79570
79604
79604
79607
79618
79643
79652
79660
79682
79711
79714
79781
79804
79820
79825
79829
79833
79833
79861
79864
79866
79885
79898
79908
79923
79928
79931
79946
79959
79959
79980
79989
79991
79995
80001
80030
80052
80061
80080
80082
80092
80106
80111
80132
80168
80170
80176
80178
80178
80179
80182
80194
80202
80206
80223
80227
80235
80244
80246
80255
80259
80273
80279
80291
80311
80317
80334
80337
80367
80374
80374
80376
80379
80393
80399
80437
80441
80446
80462
80464
80465
80481
80483
80487
80502
80534
80551
80569
80598
80608
80624
80636
80660
80660
80669
80683
80686
80701
80702
80703
80727
80736
80739
80759
80790
80791
80804
80811
80846
80862
80866
80873
80876
80892
80897
80898
80903
80921
80932
80942
80947
80955
80972
80982
80998
81005
81006
81012
81026
81027
81047
81059
81072
81075
81077
81106
81120
81122
81131
81142
81147
81148
81148
81184
81185
81188
81196
81202
81206
81214
81214
81247
81257
81258
81264
81289
81302
81305
81306
81316
81316
81321
81321
81337
81338
81345
81345
81363
81375
81376
81391
81419
81444
81455
81462
81464
81491
81523
81526
81531
81539
81561
81562
81564
81579
81584
81604
81612
81617
81633
81638
81639
81642
81645
81653
81655
81662
81671
81676
81698
81706
81735
81739
81745
81817
81830
81834
81839
81843
81854
81856
81859
81861
81867
81868
81886
81892
81893
81895
81903
81911
81913
81934
81938
81939
81949
81950
81954
81956
81972
81973
81986
82001
82005
82049
82052
82063
82066
82068
82071
82089
82090
82092
82117
82122
82144
82145
82151
82161
82169
82174
82194
82194
82248
82252
82257
82261
82285
82289
82316
82319
82322
82333
82351
82352
82353
82361
82363
82366
82383
82395
82405
82417
82424
82426
82432
82450
82456
82473
82476
82480
82493
82515
82529
82534
82548
82555
82565
82579
82579
82593
82598
82599
82602
82632
82632
82642
82699
82699
82707
82712
82718
82720
82721
82722
82733
82740
82754
82754
82758
82761
82769
82796
82798
82801
82806
82810
82851
82853
82855
82857
82880
82881
82885
82893
82893
82902
82925
82927
82958
83002
83006
83009
83018
83020
83059
83064
83066
83077
83090
83102
83102
83105
83110
83134
83136
83139
83143
83146
83153
83164
83170
83181
83194
83199
83217
83223
83233
83233
83238
83253
83254
83255
83259
83265
83296
83304
83317
83322
83331
83339
83351
83352
83355
83360
83404
83407
83428
83432
83455
83470
83472
83480
83499
83512
83529
83529
83537
83550
83552
83573
83575
83588
83593
83595
83600
83607
83612
83620
83632
83637
83641
83642
83651
83653
83655
83656
83663
83673
83685
83687
83700
83703
83705
83711
83717
83747
83759
83766
83779
83780
83781
83791
83801
83814
83814
83840
83849
83859
83895
83909
83915
83917
83925
83939
83964
83979
84007
84007
84014
84021
84030
84033
84049
84052
84071
84082
84085
84085
84086
84102
84105
84109
84119
84124
84137
84141
84147
84147
84150
84178
84180
84196
84198
84203
84204
84205
84209
84216
84221
84229
84236
84248
84267
84267
84283
84298
84301
84308
84319
84341
84372
84380
84382
84396
84403
84406
84410
84414
84456
84478
84478
84481
84482
84504
84505
84510
84523
84532
84537
84545
84554
84556
84559
84588
84590
84596
84600
84605
84659
84682
84690
84692
84699
84728
84740
84747
84756
84774
84796
84798
84800
84803
84803
84804
84807
84807
84816
84819
84848
84896
84915
84940
84960
84960
84981
84982
84984
84987
84992
84996
84999
85005
85009
85036
85038
85057
85059
85065
85099
85111
85114
85123
85139
85142
85142
85145
85159
85159
85173
85176
85204
85215
85216
85221
85222
85223
85229
85257
85258
85269
85270
85274
85316
85320
85328
85340
85345
85346
85375
85380
85380
85382
85385
85393
85396
85409
85410
85416
85437
85447
85451
85451
85481
85497
85510
85535
85537
85540
85544
85546
85574
85584
85589
85616
85618
85620
85622
85623
85645
85646
85647
85666
85666
85683
85689
85708
85724
85726
85738
85747
85759
85763
85779
85783
85799
85802
85807
85807
85808
85811
85878
85885
85885
85885
85922
85923
85928
85929
85931
85945
85954
85961
85969
85971
85989
86016
86023
86048
86062
86078
86115
86131
86147
86149
86163
86166
86181
86187
86193
86201
86202
86204
86209
86216
86216
86219
86223
86281
86290
86293
86299
86314
86315
86316
86326
86332
86344
86346
86351
86359
86371
86373
86375
86380
86392
86393
86394
86417
86427
86429
86432
86436
86471
86474
86483
86506
86508
86524
86534
86535
86555
86556
86559
86563
86568
86582
86587
86593
86600
86615
86655
86660
86660
86664
86665
86689
86712
86714
86717
86738
86745
86747
86758
86759
86764
86764
86765
86767
86791
86797
86810
86812
86816
86819
86839
86840
86847
86852
86853
86865
86903
86917
86920
86930
86950
86956
86978
86979
86994
87035
87046
87055
87062
87063
87065
87069
87071
87075
87083
87086
87099
87123
87140
87160
87160
87167
87172
87210
87212
87233
87263
87272
87282
87288
87297
87306
87306
87310
87330
87338
87350
87354
87366
87369
87369
87378
87382
87396
87398
87411
87425
87451
87464
87479
87502
87513
87521
87528
87537
87546
87550
87552
87563
87570
87580
87586
87592
87601
87604
87610
87618
87623
87624
87628
87683
87683
87700
87702
87707
87718
87726
87727
87730
87734
87743
87753
87761
87762
87764
87767
87789
87790
87793
87800
87826
87831
87848
87870
87890
87910
87925
87943
87966
87967
87969
87984
88019
88022
88028
88030
88072
88084
88110
88113
88126
88134
88152
88158
88161
88163
88172
88172
88203
88206
88218
88222
88223
88238
88269
88327
88333
88355
88365
88365
88365
88394
88394
88395
88399
88414
88416
88427
88434
88438
88441
88464
88472
88476
88487
88512
88521
88528
88540
88555
88556
88562
88574
88579
88581
88615
88637
88641
88642
88645
88649
88658
88664
88710
88726
88753
88754
88765
88772
88790
88792
88792
88814
88815
88822
88830
88840
88846
88848
88852
88861
88877
88882
88883
88888
88898
88900
88920
88923
88942
88946
88947
88947
88960
88971
88978
88990
88992
89016
89035
89035
89037
89058
89079
89084
89090
89098
89099
89106
89115
89120
89130
89137
89141
89143
89161
89165
89169
89177
89178
89190
89206
89207
89208
89210
89211
89220
89223
89223
89227
89228
89245
89264
89278
89286
89290
89297
89298
89300
89309
89316
89352
89371
89371
89389
89398
89404
89405
89416
89422
89432
89432
89440
89469
89479
89499
89506
89513
89518
89526
89528
89548
89549
89567
89599
89602
89636
89637
89643
89651
89664
89680
89688
89700
89701
89708
89725
89756
89773
89775
89784
89790
89793
89796
89804
89820
89829
89835
89835
89837
89882
89887
89892
89893
89901
89917
89923
89937
89944
89983
89986
89991
89997
90013
90029
90032
90034
90045
90055
90059
90061
90075
90078
90087
90093
90109
90123
90141
90159
90206
90207
90216
90216
90220
90232
90241
90255
90289
90302
90306
90310
90322
90327
90327
90339
90357
90357
90363
90370
90375
90391
90399
90409
90418
90418
90420
90445
90455
90457
90459
90466
90477
90488
90490
90496
90497
90501
90509
90511
90520
90522
90522
90523
90523
90524
90532
90533
90534
90554
90564
90566
90587
90595
90606
90606
90608
90611
90619
90622
90635
90641
90643
90652
90677
90692
90699
90705
90732
90734
90749
90755
90756
90782
90797
90802
90820
90844
90847
90856
90859
90898
90918
90933
90935
90944
90954
90988
91001
91008
91011
91019
91020
91024
91033
91044
91051
91062
91068
91087
91087
91091
91092
91093
91099
91104
91111
91133
91138
91143
91145
91171
91192
91192
91203
91204
91206
91223
91233
91248
91251
91257
91281
91287
91295
91297
91303
91303
91322
91328
91330
91336
91337
91338
91354
91364
91366
91366
91380
91383
91401
91405
91410
91439
91440
91443
91452
91461
91465
91467
91472
91481
91482
91499
91506
91521
91529
91532
91544
91545
91562
91580
91591
91608
91620
91628
91637
91639
91659
91664
91669
91680
91697
91701
91717
91721
91723
91749
91756
91770
91781
91788
91788
91796
91799
91804
91806
91840
91845
91850
91870
91892
91913
91929
91930
91937
91949
91958
91972
91991
91994
91995
91997
92000
92000
92002
92004
92004
92035
92044
92055
92073
92076
92094
92102
92123
92145
92149
92149
92152
92155
92167
92172
92175
92177
92179
92179
92188
92193
92207
92216
92228
92233
92237
92267
92268
92274
92281
92296
92296
92307
92361
92369
92390
92394
92401
92403
92419
92423
92423
92431
92465
92467
92484
92485
92488
92511
92512
92522
92522
92524
92531
92563
92564
92577
92582
92595
92610
92621
92626
92630
92688
92689
92691
92722
92736
92740
92744
92749
92752
92782
92785
92788
92788
92791
92815
92823
92828
92844
92850
92854
92876
92895
92901
92903
92905
92927
92928
92945
92945
92958
92993
92994
93015
93043
93047
93053
93054
93065
93067
93076
93087
93092
93112
93121
93146
93150
93152
93153
93157
93164
93165
93169
93176
93176
93181
93188
93189
93190
93207
93213
93222
93226
93229
93231
93240
93286
93290
93302
93315
93319
93324
93347
93361
93370
93372
93385
93399
93405
93440
93459
93473
93475
93488
93492
93495
93507
93508
93514
93515
93519
93524
93527
93541
93561
93563
93575
93585
93597
93618
93622
93624
93638
93640
93643
93645
93657
93664
93668
93669
93677
93688
93688
93690
93698
93703
93712
93718
93730
93750
93758
93766
93772
93773
93776
93782
93783
93791
93791
93803
93818
93865
93868
93874
93913
93914
93919
93929
93938
93961
93962
93977
93980
93982
93985
93990
93993
93997
94015
94023
94032
94048
94055
94060
94082
94104
94105
94106
94134
94166
94174
94174
94176
94179
94186
94193
94234
94269
94289
94293
94343
94350
94352
94361
94365
94367
94389
94392
94394
94405
94416
94456
94463
94470
94476
94478
94479
94482
94482
94482
94509
94521
94525
94548
94553
94555
94561
94565
94577
94578
94581
94603
94625
94626
94636
94641
94651
94652
94659
94662
94669
94674
94690
94691
94731
94732
94733
94734
94754
94771
94782
94795
94799
94809
94810
94815
94820
94841
94842
94847
94859
94866
94872
94874
94874
94879
94890
94893
94903
94903
94917
94926
94934
94955
94963
95000
95001
95025
95027
95038
95042
95047
95090
95121
95126
95130
95134
95154
95163
95165
95168
95185
95195
95199
95217
95245
95283
95303
95321
95330
95337
95347
95349
95368
95375
95381
95400
95407
95408
95433
95452
95453
95467
95488
95489
95500
95514
95528
95537
95553
95556
95567
95568
95574
95607
95607
95615
95622
95637
95647
95654
95667
95677
95695
95703
95705
95728
95742
95743
95747
95754
95758
95772
95791
95811
95816
95818
95848
95856
95857
95858
95860
95862
95866
95872
95895
95907
95912
95915
95915
95951
95972
95994
96003
96004
96005
96011
96038
96061
96066
96073
96075
96081
96089
96089
96119
96140
96144
96148
96157
96168
96175
96178
96179
96206
96213
96228
96236
96236
96259
96260
96262
96271
96312
96325
96332
96335
96345
96351
96356
96389
96390
96392
96393
96408
96418
96419
96429
96450
96455
96460
96466
96474
96477
96516
96529
96558
96559
96587
96590
96594
96605
96620
96648
96649
96664
96664
96665
96678
96684
96687
96688
96693
96734
96738
96751
96784
96786
96802
96819
96820
96824
96825
96827
96830
96844
96858
96890
96900
96921
96929
96950
96951
96957
96959
96994
97003
97010
97025
97027
97042
97043
97068
97073
97079
97091
97095
97099
97104
97113
97120
97139
97146
97164
97166
97188
97198
97228
97229
97231
97260
97262
97279
97302
97324
97326
97328
97354
97359
97361
97376
97377
97378
97396
97411
97417
97420
97421
97435
97440
97451
97467
97483
97488
97499
97508
97508
97520
97530
97537
97537
97537
97539
97541
97576
97581
97585
97595
97608
97620
97639
97649
97666
97696
97702
97714
97731
97732
97742
97758
97763
97769
97770
97776
97782
97786
97788
97790
97799
97814
97821
97840
97846
97849
97870
97872
97877
97891
97925
97952
97970
97975
97982
97997
97999
98027
98032
98035
98038
98048
98049
98053
98054
98064
98067
98083
98104
98110
98113
98137
98140
98151
98166
98179
98184
98191
98224
98232
98234
98240
98254
98261
98288
98301
98307
98320
98327
98351
98354
98356
98358
98363
98367
98371
98378
98380
98382
98391
98420
98439
98444
98459
98462
98464
98475
98479
98482
98484
98491
98521
98541
98553
98555
98558
98560
98578
98582
98597
98627
98633
98634
98635
98639
98645
98656
98659
98666
98672
98676
98697
98698
98712
98717
98734
98759
98764
98767
98771
98777
98811
98820
98837
98869
98875
98896
98901
98913
98923
98942
98954
98980
98996
98997
99015
99029
99041
99063
99065
99070
99081
99085
99085
99089
99098
99101
99127
99139
99145
99158
99188
99198
99206
99208
99208
99214
99231
99240
99244
99245
99247
99262
99262
99264
99278
99282
99287
99312
99315
99321
99342
99345
99348
99354
99359
99378
99386
99406
99419
99432
99436
99446
99491
99493
99498
99508
99513
99526
99529
99531
99532
99535
99550
99576
99587
99603
99611
99620
99625
99636
99654
99678
99683
99701
99703
99715
99775
99790
99822
99828
99828
99840
99843
99864
99870
99888
99901
99907
99908
99919
99929
99938
99939
99940
99942
99944
99999