13959
9214
27062
53663
93962
8183
69064
40416
13222
92419
49358
2546
80636
86712
86759
21406
2121
40780
80846
32592
59989
5869
60748
85954
13869
23682
2260
27064
30878
63641
1343
61189
89208
44758
14853
83170
52941
83917
39938
82515
92689
89297
1413
73325
92361
88172
94732
94482
28953
91930
43427
88942
97799
20527
74896
11668
44209
93508
38732
91440
73502
40076
52629
62710
1186
67482
62232
54127
67752
2171
52994
60441
7820
54407
50118
181
42579
44850
11016
71532
53132
70795
76826
50931
91322
68075
62600
51884
61583
17684
43324
51437
74112
12305
14147
75298
96140
76380
45777
80244
94903
98771
57037
19075
53178
7155
35608
95758
68358
46624
83642
21490
17419
60469
72422
25094
44896
51374
76978
22831
85410
36654
74269
59523
65311
88416
51173
61451
81148
96951
58047
92403
12074
15084
11478
65253
22240
63439
77363
6950
10063
61005
28440
43835
37826
17214
68929
82722
84940
62259
5554
70351
98913
96175
29874
64224
943
81047
42028
82092
94350
75
90847
6425
31512
18678
88030
53752
82117
65393
77054
8532
42750
21846
52367
96929
39061
37648
96003
24001
99907
1557
94352
98820
97732
40578
79397
98676
21626
21425
97120
32328
37852
4319
38753
69364
22997
26783
39468
21466
8528
16522
29999
51279
38369
82366
64560
93782
36367
60563
17783
36274
62121
28488
35095
76205
69066
30844
91233
7044
52269
4705
39373
6473
9025
94478
75838
48374
21262
31658
69841
29790
48181
99840
97421
2902
98558
61981
96684
34925
22545
30819
87552
1018
59307
38999
93575
28374
69843
1161
35418
38464
5866
91143
44937
14891
85622
37127
79618
23236
68786
49459
69378
16967
65651
66800
36221
64209
45133
32905
15487
84030
63724
3039
1400
39384
42038
11328
67758
11881
12489
19528
66697
18355
27024
11634
49599
12646
48762
29217
35882
33900
78676
21612
67219
44327
4764
3440
24888
49898
36345
40375
50280
16421
59766
68033
55805
1804
79361
39915
30037
91850
75796
96734
10205
2820
24721
76156
31818
89835
5373
84052
23735
84049
5664
90954
44728
10429
94394
85969
76679
47091
26344
26959
79864
2463
11344
35670
20619
90705
91937
50657
82555
67733
63743
9113
70553
88464
85269
18723
94651
90643
2775
18386
91044
8440
25692
52125
18869
20086
38094
11900
83529
80790
55211
63394
83253
66556
15416
3873
57261
7353
70882
39817
91439
34625
65282
61992
39442
50551
97068
34093
41194
99843
52480
48591
8283
78172
716
43504
14611
38810
55404
98140
19600
10616
77886
19206
77172
93302
23079
50785
17008
93961
6954
8447
28586
72236
86791
84380
22788
83859
18474
80334
83703
87306
28925
8338
81830
45993
68195
12793
1155
39951
27286
20756
66919
5172
39962
60443
98475
79393
11229
15483
73354
18183
23930
18292
90420
10721
2673
13208
10933
21147
9894
94636
24805
55172
2974
6635
1165
87521
35781
2321
27473
63067
39429
94392
68239
95743
54836
83066
75136
66065
14901
64842
84248
55183
83134
91020
82257
85807
20580
93190
23306
30475
87826
64463
85647
7152
87451
3164
94674
23232
5485
38499
86299
61266
32891
70890
57009
87727
53957
48497
70144
68858
13339
70745
24042
96474
61765
6299
98633
98698
15841
38292
29173
3667
2755
31172
27171
6558
34336
38197
29790
56174
76696
32441
17440
25940
3332
90802
13667
57289
55651
164
42499
68991
70909
82893
81817
49026
5544
96802
47724
21385
51446
76897
41404
70554
24421
68576
77112
58758
23125
6903
31284
16174
55696
65076
42114
59028
72230
72133
32669
27882
72297
91521
13225
43206
74414
95042
92233
79959
8196
39957
1344
59643
33207
42749
30197
57628
27677
23661
32738
50802
30564
80374
66976
2613
45451
25442
61641
34033
97576
10663
61915
69873
2184
75140
29432
76598
86534
21665
72909
94731
77974
90606
70726
27533
33355
923
1514
77384
24584
50604
44538
71501
30979
27867
90466
92782
53309
52107
26815
50885
79122
5083
37111
81306
80223
66543
74257
83110
4560
47166
94193
82534
37772
64919
26420
87479
82194
27934
64863
23130
94890
25754
10983
25869
53621
1449
35003
23282
69909
78171
90520
49031
83254
27631
30338
79829
94174
20947
62939
98734
68113
57132
97620
22238
22051
24040
9717
20597
68326
90933
43728
63217
33039
54711
5438
86660
56161
40442
26294
26070
18613
16814
75101
18219
44445
21791
98048
54971
42738
60988
70057
27204
34472
67678
49442
56524
8070
75511
93473
92749
82796
37201
55966
15835
91913
77756
2495
48074
34550
45142
90496
69515
61956
81949
87734
22754
3741
85783
77725
62831
63123
47783
6387
97595
15461
55829
70471
39883
47693
63945
32632
30489
1146
4950
46325
9411
82707
65172
73837
33609
10314
64333
3125
72271
46283
90859
95025
66376
92994
72750
45559
56117
36885
51947
70065
68698
24128
40536
8582
71821
20833
57566
2311
38332
62517
64988
47743
61576
30160
21581
95185
40475
2266
14662
29098
64901
5522
24123
31277
14868
13225
93189
87338
66463
45136
57403
35161
85616
14291
43743
57438
35125
17662
76101
73457
80179
41089
21200
58107
87601
59133
53292
28076
61400
67955
73526
26301
89829
97649
73931
4697
27227
83472
92035
93690
44960
65790
45203
30576
80082
88947
4366
15207
22961
96819
88664
3140
54260
26216
61247
41862
1702
30891
86290
79454
15198
59817
5755
5027
73818
96038
26077
17397
79510
34464
11087
24470
255
56291
71399
80337
61590
75765
11896
903
72585
560
4043
26845
43128
81642
85059
61182
28885
71350
40636
44084
47519
62744
65463
21337
58782
7892
38735
54645
42357
66174
95467
58964
38817
66866
39301
16759
42632
51197
17662
31569
68109
38057
74766
27589
36051
59826
88772
64937
47528
29408
25373
95047
92152
7188
16384
67287
15081
71471
38284
57438
53998
33751
16402
92815
618
72055
25927
59602
23252
59941
91171
7713
97999
82289
35302
50402
42115
40426
15339
89643
86187
57064
84690
94691
64253
17427
61978
79334
5250
262
53124
59248
34014
85878
68416
50984
57933
94343
10586
97537
70636
18109
21602
68635
398
56904
35390
42514
13683
67081
48509
99870
24146
49552
94561
88399
83331
72892
84085
88581
89506
53561
64182
39872
39439
32598
90856
13724
43293
17794
27613
13929
35903
49215
82565
36302
22471
17955
95168
52506
85036
60029
52376
25534
9581
63290
30285
9264
36182
30722
97846
25688
84283
62028
81913
40074
10978
72769
53798
54271
90564
97763
68200
42819
46978
67117
79121
85802
1424
90641
38308
2813
50671
7037
28347
76604
70327
74985
2221
22861
5707
16419
64901
89991
94799
46814
30065
5777
19584
216
60048
26500
14331
44600
69319
77662
11718
64793
63464
29494
55434
18124
32307
22457
25161
77007
15414
11840
51992
17635
34701
57699
34054
99603
64042
28853
46417
10460
50982
82353
27028
11030
8853
41359
71982
94525
19021
83700
59318
98837
13195
31104
16962
61854
69914
58475
38861
85328
70316
7205
19315
5017
81257
69721
4620
61651
14926
67390
72111
65908
49743
99139
93290
74949
56851
65272
69474
75872
65325
28792
91062
94872
76248
8024
56726
46162
82851
11940
47842
53167
35497
67157
74537
16754
36878
79157
78406
51804
62899
66869
34064
12643
82361
27354
87592
39212
8979
73418
31436
74304
18562
38850
69176
94810
63226
42254
40973
46078
70546
88815
99245
6044
72325
73782
39150
25555
69292
33908
93712
32191
778
27776
61186
99491
71483
65130
55055
80462
38548
2843
54766
73462
41694
40294
68273
4920
82548
25598
50998
69447
30765
66596
75491
3090
56730
14641
28646
26022
64902
38710
74566
65680
66486
52104
81523
37969
33587
36578
18431
88487
39421
89549
61950
97467
46195
46575
2388
28744
72173
53386
98191
2938
36334
90034
22381
93065
21027
67379
35439
85929
6089
26357
67961
72575
78462
49484
26897
28401
86062
61680
16888
41836
67582
78838
39303
13777
41765
41691
58873
13938
11430
73416
33229
64116
63450
55610
57181
84478
39341
92621
70407
45430
35330
54721
34357
13792
4205
77606
58545
6620
39287
75434
48456
23221
70624
4111
36998
12390
62155
95872
42680
89937
69288
75909
54053
49091
47871
11235
49921
87212
20208
20328
32642
55538
91401
83352
85683
95607
60958
44228
2227
16597
36014
67035
39818
6639
71146
93169
35381
33301
5393
78061
23238
91033
53971
77292
40124
1842
4879
90045
5407
41439
26726
38049
13329
18127
21401
15364
30086
98712
59593
32313
15309
95607
99348
71480
18598
86847
64649
53979
20148
86394
48393
59739
77427
2364
53383
33904
20558
74614
23949
25965
32405
67027
80367
45734
1507
18120
61099
31593
16832
37044
63907
48494
49003
79607
19974
67602
82806
975
37933
2955
87369
86326
79046
81148
5042
48781
15052
25601
23395
55354
67918
55800
22381
48285
17886
23888
66406
78985
71834
83238
16029
52093
48084
65033
31700
84410
48987
14507
85385
86920
33814
89106
89599
29212
70255
94641
77993
1659
20242
17740
57013
88161
89892
95747
52798
7778
35987
19204
86764
7821
18795
19145
59914
66879
84178
7967
51290
49517
38826
53027
36438
88992
58486
26037
18204
28741
37030
12549
46752
57273
46641
3766
61786
36533
99513
14584
44311
35500
50141
47427
43322
68936
82925
19588
52167
83455
27555
19809
32973
82733
72837
69411
71725
31323
11800
6281
76416
48830
18830
23168
22455
65471
43286
593
18356
42799
31530
79020
94652
81671
26447
37974
66959
9372
73914
19126
92828
1470
55288
42153
84203
28125
27916
72281
75800
39716
78562
68568
4898
13745
8088
43706
95568
51375
44299
13925
94174
75829
92945
5178
73852
35744
59504
40811
61469
33419
76290
70649
51241
31578
12802
35444
76055
40718
24077
68207
96786
2640
36775
18036
16385
44863
78094
11953
12590
22394
42230
23117
14575
35175
28295
4780
87272
87800
61943
65093
21219
38233
35742
72460
86163
64896
24256
62218
5614
48334
46777
18752
67326
83552
53140
83711
44768
31235
12016
57358
69981
54247
96827
84556
5774
25123
5688
9398
12923
67632
74491
50494
5865
10233
39306
8381
91481
63562
70599
97095
28248
17377
32199
95574
17281
85340
95637
78401
16575
24006
52112
86556
78253
48939
87464
379
74062
93153
9778
3337
77137
621
53831
83002
27207
9489
91383
18688
73052
78335
15784
17652
12064
64335
29579
45697
49675
41568
24099
82602
65574
92563
85510
60179
57854
72975
60559
48269
82480
86689
51606
59617
87310
21790
58971
14517
31279
66707
33206
20683
45042
65342
38336
73458
29677
84267
19155
95705
25835
59606
94659
91410
68521
80170
51589
26376
69497
28500
74645
51977
15189
42603
27946
18852
64393
86917
49721
12025
53624
82927
32708
15018
64621
87396
4828
10651
71663
40336
6356
97499
99942
17367
5261
84816
97537
73202
11192
67034
1703
2189
35363
33244
44792
63309
52096
25538
50227
1818
37563
20203
1097
70271
51574
82071
74020
56402
92722
45683
96738
15430
59534
13033
32797
81147
97849
30335
54350
25393
13721
72405
27582
49085
5649
88726
12394
74098
14264
78973
92268
51827
15529
9717
38451
67103
91788
12471
39857
84510
74506
52948
99940
50393
82333
32738
47892
80182
79425
2242
21927
9498
74647
65861
58583
96649
70939
87330
87099
85204
66303
79367
53383
98184
89084
8186
81639
80873
37009
21497
81735
27868
90797
81676
78261
73130
30766
26153
69664
26543
44748
91591
36041
35747
73804
94625
48748
44743
98307
35847
46299
64610
15214
99683
79147
20651
7869
60786
17876
61231
98635
99611
89099
89432
97639
67360
62562
44757
9865
32226
71300
70965
40169
23694
23065
13973
34671
71813
75069
32978
24013
21368
13940
55579
37403
93087
76230
61625
53874
94106
22856
52509
10070
11955
41942
7709
95667
4504
52467
21884
53083
40119
92850
9604
63813
15915
23578
98484
4080
14999
31462
28093
52719
45403
83673
90123
38490
76255
51748
8716
86714
74604
61226
96784
86559
3168
20845
98578
24024
89664
20462
93459
29784
13312
3064
93597
45579
42994
8434
66012
57993
56248
10457
10712
18003
10482
17187
72846
86738
68935
81562
89804
59891
42788
2940
62802
62308
23785
61380
2685
13450
81843
96144
59586
11507
99208
69535
73439
58554
77969
39451
16547
50570
66260
43612
68573
76743
60799
41419
79833
46087
22982
69637
22330
82122
72577
1485
44431
12714
62865
63468
42516
61060
59612
2102
88920
75173
71638
78711
33727
65959
18162
66627
32881
774
26591
1455
77517
3742
59226
57350
66181
98560
26987
88512
80683
15916
89997
41466
28631
69214
4934
71147
46627
80898
89602
51899
72423
77592
30610
6151
43551
65124
89130
92785
65898
15721
10592
43416
19463
69818
17118
85645
68379
60458
90509
65414
76374
96858
23232
21357
82424
44518
8857
45403
25416
98459
97302
14192
76051
44264
20343
35954
9388
25825
28739
75287
41546
39331
35055
77361
25502
68525
79358
10233
28983
86219
75647
21710
83077
15231
43067
81854
59749
51924
27257
1517
66735
24560
15709
42786
68824
52404
78741
94565
94581
23832
86204
52479
79516
21259
29841
5018
89784
25551
15251
35120
11771
7250
56830
11200
22481
16249
93054
98582
68174
20312
16451
51261
61224
48513
94048
46400
17269
89141
40965
11851
29325
27169
64330
8841
64780
10523
13859
70917
36075
45462
6037
47846
52712
62867
59046
91545
79116
52101
6479
63642
88765
22931
14904
49989
71444
25304
12741
5065
30797
53707
16916
60122
97228
81247
85316
78361
8122
15527
49278
44197
60990
55315
8395
30054
18182
67442
37952
13650
35895
44431
93645
41012
67362
24901
91001
55158
50205
20094
60224
97354
73801
93492
73828
87382
91091
59144
65743
99214
91024
15021
43411
52014
70336
68159
98420
4870
35601
36372
34872
87848
80804
28517
28860
64518
53418
36213
36029
19975
56307
12605
33681
46461
6097
7510
50195
13541
83006
15938
29107
74030
47311
72518
26044
33999
40677
40817
55221
92630
93541
90093
96830
74345
34963
42042
55216
4733
78255
7597
41061
50915
20202
74742
97376
42651
82252
47571
72544
65259
79861
1651
55641
27172
90522
98038
61171
47551
38855
32744
56534
32396
22837
53364
23094
74152
95407
94662
78886
73662
2259
36299
40929
38813
11041
38305
81464
9646
2228
70361
91257
82089
72012
46898
25613
62534
44936
3136
10086
83791
35880
66620
32540
75070
36336
55634
49222
31743
50296
44460
21758
68907
80759
62687
7720
8153
17345
5536
17799
19573
75897
25408
18015
64262
88658
43628
26796
33595
63117
53234
33738
98997
36206
66278
74067
72543
38264
39642
20638
4912
84102
58748
73819
81214
21436
97891
5719
55133
3428
23518
74706
95677
65278
9073
59939
53936
69054
3088
3883
32171
72674
37622
31168
8881
20252
21588
97776
74869
61230
34766
79781
61684
93515
69953
59250
14951
84196
64969
86436
87624
4839
61142
99654
70117
86568
59593
24054
55622
62681
27937
87793
51708
81911
18961
60589
18516
56901
74717
93385
18131
9483
89518
96168
2998
75823
55418
34301
60020
20388
20737
47644
25227
98232
47298
11697
84800
23244
52103
40422
2277
96392
44567
53985
78304
63528
30926
96820
20430
5643
6557
54913
15127
96075
51081
34477
71899
22852
68779
31919
43240
5868
95915
84819
20452
59566
96516
5252
82810
48619
62026
1439
61364
6593
55425
39668
86474
86351
52840
23256
8347
59397
94521
39826
71824
45603
74303
43723
84807
59434
91994
28047
81655
87910
29218
2107
63828
42087
23712
62990
7058
85738
64429
68422
8684
19854
8090
11510
22558
77282
34766
47257
36679
45639
87083
8504
7594
77738
68579
92401
37173
76926
36800
18828
81188
66019
37287
45016
8106
60999
8006
15164
63090
72435
99939
88126
8642
8029
99636
47552
1664
50754
94809
38343
96393
81892
63199
3988
59630
48131
96389
13155
25057
33190
48335
6245
15561
85623
51261
40019
62974
75619
71535
26064
48054
71474
14190
73048
95856
13826
20600
97520
80932
15409
52215
77326
13653
15415
97666
89636
79898
94055
2791
4955
43597
67479
27552
75510
69454
95165
15529
32428
70784
87065
58493
35190
74891
89035
8239
70747
19214
45191
68267
146
76953
36835
77472
90606
52250
75138
96594
48500
85546
99386
53455
45495
83217
97359
21006
52671
92524
36535
85099
79660
39952
59944
31202
14844
48980
55793
1943
68194
985
86563
68340
77938
23398
62165
84896
92000
53655
81491
40500
55553
97229
10307
1049
80446
7666
22055
49469
16542
74942
34568
12554
31247
10865
43756
62443
59845
99550
64386
44391
16887
67301
12731
11177
90699
91248
96073
82699
61256
77564
39551
16809
91145
49858
34210
87943
73876
56265
37412
90418
47560
88333
19324
78807
99198
63081
41250
75395
78983
21988
19786
12222
89290
32517
23399
79989
40118
19472
79041
1374
13389
18592
34535
4534
84803
68746
8830
58679
41363
46242
65450
88923
34575
84774
84082
33773
64207
25332
9168
43190
63673
45306
55412
52963
94176
95163
49304
34294
14636
28345
52020
44377
63290
86555
65263
48093
55301
74093
23124
96665
20336
88574
1940
71263
89701
86023
21389
53908
27707
46909
13451
91380
92216
85215
60695
86392
80379
10000
37038
11367
54697
89058
55744
17987
75613
21007
82432
47267
11453
21909
60284
48141
26835
62224
19404
16536
64599
40793
86797
92307
4055
248
83687
96271
1815
44383
99015
82194
70735
36053
93561
25432
25111
49305
59772
17076
86665
58556
64343
14470
80465
24627
62611
23653
3204
98367
40189
67803
55513
26986
60110
59568
43586
60150
55839
45402
20885
71206
43948
91620
7259
37510
33404
32370
3167
93176
65798
6184
68085
30142
20654
64902
71121
83265
88555
90677
81633
28745
58481
37146
72083
34943
13066
32022
11445
85257
93776
32330
56463
37724
40302
63722
75234
90059
12444
94754
99587
78242
938
67672
8384
21593
32575
95858
21210
37482
86535
19195
82579
61368
72693
71015
96312
85759
3037
7757
71016
13165
56440
43831
50889
13094
7553
42476
3153
19997
37230
2741
98240
54520
86765
22976
92465
35692
35186
30028
73175
21722
49223
55754
83090
38269
43121
95754
40380
46158
3512
27749
75675
76304
71580
26565
89398
79134
85393
8904
15483
22623
27997
30075
93495
14762
53052
85961
66807
4590
15989
56334
26312
81564
28440
25755
36185
71562
37861
76566
34072
41373
4315
9748
17677
75895
36313
23428
71381
21706
32332
86865
60681
60329
16940
70528
91443
86344
56489
74602
90935
88830
30936
33599
86747
59377
75706
22932
30939
13568
99498
81363
54941
3813
91111
88971
96061
43776
28751
67442
81834
61083
54307
58867
37764
71248
29396
45559
73944
85885
20162
64879
91068
51098
98479
77815
26827
74185
747
74118
87753
246
55482
59047
20411
46593
64370
16472
90370
93121
83915
88556
70556
54574
47424
24672
42174
76820
70231
16119
79057
6745
80998
70125
57844
79477
64292
1023
70015
65040
75142
74120
81638
30624
33167
18401
77217
97537
34874
83939
7010
35141
88848
77566
6067
36272
18590
48242
13092
88822
64361
92149
95567
45359
78627
69763
41189
42919
70787
27556
24311
45929
1676
22301
92905
51196
40703
70122
48733
91929
70414
72096
43422
59262
66014
49489
11886
84605
97731
24978
73427
78444
33479
85346
23804
28458
71462
81345
87730
42249
8901
28393
4530
26929
50695
97435
78125
7750
83909
43211
16031
70675
15307
59453
46289
81321
25294
58175
65926
39378
83153
55705
17822
32985
41052
41626
77795
28866
39323
65525
71115
64576
93919
91997
91506
60966
89432
69631
68716
73341
12842
1099
44017
44501
60552
90306
25823
2198
64834
8101
41576
64339
63807
59399
97324
21211
1025
75120
50077
56701
56997
37544
21277
50916
29541
12783
28234
18973
98767
96950
8666
27961
98049
69035
72463
74953
75694
14638
77152
40528
22739
35080
4867
2898
94479
18544
40461
11857
93664
6890
68558
50661
44434
89835
17930
90327
18971
46164
25652
34090
59467
34319
62051
73868
19706
50866
65174
95400
81856
58678
52280
20948
93758
57148
23846
88238
75692
80660
95
85708
87550
85005
52721
48337
91192
70651
55016
26515
33168
80669
60605
8987
31340
39009
82855
51046
6227
64381
62799
88084
23059
15079
9032
16818
88579
49230
21408
64271
46242
37855
66331
50145
22860
19053
98482
14052
6056
53498
40568
55576
50519
17525
64563
81859
56534
63771
49258
79114
28152
28409
67198
51212
43488
92582
84382
48420
58164
5790
12691
20759
59997
95375
70904
82857
30780
69386
13261
36836
39236
70181
8765
89756
87707
73328
87967
60593
53451
53577
39707
81604
81986
23257
49168
25475
32191
49902
73895
6708
72044
2938
27467
32041
14665
98371
14898
45445
84109
28159
98634
39697
14693
7399
45805
2400
97079
33773
79345
66883
87350
35405
48487
85689
75014
14007
27516
7206
63909
1411
13914
35953
20701
57733
67994
51719
56104
99244
97164
56565
43755
12150
96262
58448
19549
42068
77200
32981
92193
56546
99864
95895
8303
64703
81584
83317
78710
9100
90523
58971
26863
20789
11276
63917
94874
95622
15636
50978
94866
29152
23895
38621
41303
20158
13422
77204
78578
90622
10185
87123
63520
26401
83018
71823
91104
80955
55141
86166
90055
62016
61489
33271
99158
72765
97188
94032
68387
29176
61363
63253
58328
85258
18227
15983
21768
31649
93188
16698
38623
19725
3821
2144
46127
86840
73967
53583
84147
45460
39750
90554
23829
1239
23825
22987
90357
37365
33371
58744
82893
94734
38350
41222
96345
72929
73557
18113
20930
66745
34812
59553
86471
54985
61697
32598
58177
52017
86181
42324
13829
42283
32879
37658
59875
56704
76997
66584
10422
10369
41680
93315
21455
80030
50889
17800
69311
24447
52266
90241
91192
3430
66147
94015
58415
27844
42965
16593
96213
45499
58917
26395
4134
91796
64053
64009
64853
41051
30593
75275
67772
72274
68590
89227
68656
19480
23380
54320
60279
75646
44561
67823
79076
10708
61839
37491
54905
21156
70436
67470
66655
29354
93865
70790
37502
74271
51151
2355
31674
81745
93982
99446
70371
78925
5025
39027
14757
28405
93347
75036
20403
54261
42859
15831
81321
21050
53323
52578
42207
40111
20049
8862
69465
30266
96004
23320
4537
47156
42027
36211
45253
36010
52009
15624
31287
73387
71003
46044
18144
80703
21080
38548
34964
80291
54379
32637
1342
24054
85216
43549
64166
21617
68763
49983
68235
81120
73303
72773
28276
15331
25336
73529
67693
93698
5505
98980
67085
76508
45024
85229
57211
82456
40129
8527
62747
94509
57517
80441
34915
42733
40342
99081
80702
25458
65417
48937
6578
38720
38062
51206
70403
63399
24735
54448
73449
46592
53428
56886
23100
14804
58467
96664
97260
98597
21543
76360
9458
79060
73153
60725
38145
13496
76159
35199
38954
41576
84137
61884
96648
22199
13090
83404
1950
54177
37852
75399
769
91281
32285
40221
22437
7105
53237
36050
5702
91133
28762
31512
70193
1915
92237
24691
31763
68396
59890
87069
9972
60379
48953
22973
82579
62043
6377
881
32572
44229
76281
33341
51862
24918
73563
74300
32023
43152
10350
54077
34285
55464
85589
20831
57379
94179
45522
89143
62575
21764
92564
88900
82144
41518
11873
81075
19913
18250
81956
52486
62479
58237
2179
30694
99508
92094
4994
47883
35247
31696
18313
69532
87160
20254
90363
60891
14433
52237
66386
77009
74002
58951
82261
72498
16821
94134
53573
36734
28736
35529
5572
7567
10119
24104
38261
9627
16198
59607
73862
51445
91303
92175
20978
94815
12430
27693
55707
26863
79931
38445
20224
53933
97396
2485
26431
30569
12971
96356
83656
41707
31885
89228
65627
42004
29684
3888
67983
45883
63496
41846
97328
71151
50373
34658
82319
79155
78704
54378
6019
58635
92823
42595
28920
6572
61433
71703
37141
90756
68059
20797
32464
99944
26378
14443
58301
56062
18331
26284
1945
98179
84482
15626
69331
34856
66636
68002
14011
45340
22380
36382
3975
15203
95330
49247
21775
56763
20950
75269
47519
5361
96066
96335
5306
38796
10778
79959
94859
45462
6243
13156
43641
7078
45134
29324
58286
11771
97326
88649
57111
19706
41384
77439
51262
36714
26686
89389
9829
63989
64658
73700
69350
77077
70036
91008
15873
97166
70967
10732
58980
93563
40241
18974
641
85375
64650
75279
97146
61977
63928
70610
98035
21664
48049
65649
58378
91087
55039
84559
55076
19697
58260
40779
13126
44648
31787
29000
58166
2755
56084
17147
12670
96325
36121
29663
98053
771
4942
11551
79100
85222
82161
93488
6887
46562
59137
81617
54002
14176
82529
9078
50226
40789
49857
63352
85437
81645
8704
43603
752
64789
77102
13422
77466
13223
43085
75519
30347
64379
87071
9447
49601
85584
2935
72840
32147
78425
70810
86149
8953
53339
11579
75531
10480
77789
38884
12269
75786
63940
72224
76538
28729
49327
6312
22548
78902
65749
98067
9249
30128
1490
18697
96081
87075
37984
85274
35574
16409
56084
21723
25363
25775
49654
894
36255
27443
56130
48524
3229
20071
20748
96119
65152
86427
18783
87700
65330
84532
2120
74579
31012
3610
9628
27094
7037
47613
12368
42611
80374
84804
80686
5737
10579
30341
22984
46834
74136
79114
11710
93718
15537
48810
89837
97042
35238
8621
1094
568
9505
19566
91499
40518
23177
17480
83964
46566
65093
96332
5530
61819
97488
86216
67557
8067
32909
6893
71253
23398
2359
99315
17116
34249
48125
6953
31291
99715
31926
48737
283
41432
68304
8135
81950
7833
25615
65914
54399
7060
78598
59929
68879
76086
62498
52788
505
11759
59681
88110
35157
78393
87425
52273
12642
51902
75579
60285
51618
7505
9022
68253
48937
77326
76388
47239
85159
18355
29505
39559
25415
8103
15840
10647
541
94690
63435
17398
6450
39469
5508
57959
34214
9285
10233
46856
61188
2164
7141
12806
9669
32515
81059
74959
9842
73800
38550
95001
92155
68056
50912
33923
92511
83105
60922
9405
77795
40709
26803
597
80178
48664
58557
30744
57949
85142
77600
19137
87306
1093
31943
13327
33609
29355
4638
59803
3155
43189
54804
11662
11245
22069
61937
3756
5174
22859
13161
99321
63569
56317
99919
60099
4981
74828
90844
62930
76322
84796
82068
79980
2242
30363
9659
35851
76070
14298
95654
79225
57487
66810
7240
68732
5231
69177
88840
10405
8389
18354
26079
71958
74671
42350
32057
79652
33530
39253
58934
9852
24050
41002
6184
26292
87718
15843
78495
63788
30141
90501
59366
87628
57311
82958
72712
78895
52135
61553
89300
60524
96259
31731
48834
70930
74081
80892
66934
7611
20145
25868
33815
60547
83223
39999
86839
70941
72195
65334
51081
18688
55835
10447
22669
29499
93405
95381
8394
61893
73286
14046
38769
69545
45778
87604
56827
36211
84848
23761
60175
21345
65982
93990
81893
49205
50342
68732
20146
22537
50419
71227
41225
22606
98027
80246
52105
7784
75628
76851
69677
65266
90898
24799
51164
53028
12403
7991
5591
13603
48105
65766
34948
14087
76109
16841
63292
26451
1926
99790
65340
68697
87369
22917
91303
85396
3164
43409
93181
78792
36612
79210
60410
43862
4009
11574
96890
32764
19566
18834
46367
67671
84600
81316
98110
60709
14509
61402
87160
32787
61192
68852
1484
48561
91770
92788
50310
94934
52549
59843
90078
89161
39053
66840
33024
59415
78415
46266
92179
14333
65100
38547
98356
66053
19863
96466
26762
50724
57868
30275
83512
35412
99127
84996
325
7249
77784
50635
18535
46685
26830
24965
52199
65884
91806
85223
25299
70221
47841
33830
84554
29294
72377
99262
95347
8592
95728
22109
59317
69948
68736
42829
5360
84216
27825
22037
91465
21962
72673
26353
84999
15855
51318
37198
81739
59476
38773
23390
29697
86615
57221
30603
15909
45950
29865
11256
54543
41945
49717
13860
11893
18454
73041
33605
19022
866
55643
10487
39180
44668
53192
24180
60523
4511
77730
58615
63987
16504
82005
10037
19471
55578
56992
51732
17881
3210
62988
72424
45155
29057
2636
73401
63863
75677
7006
82885
92895
62649
9725
48428
7317
62917
88960
67841
83780
66690
42808
47768
83194
41165
74157
19017
13096
31149
70749
30977
50711
50089
3401
12219
79147
22389
85620
59362
14418
92626
42248
7313
55276
51973
72093
78945
31242
61053
63138
15023
27744
5946
79143
27290
47112
53300
46308
60208
801
17057
7537
51513
83499
27290
63732
62646
49679
65704
22008
64097
58330
80608
87762
29958
48933
59856
25256
80176
20909
88394
95199
65005
10693
74342
92296
74157
43994
54956
50717
44795
88365
58254
12660
71864
85544
92744
50862
51575
58448
89223
32024
33131
69831
19786
63089
35117
95994
4697
15293
33256
93092
26844
98261
20137
17538
6909
10646
77884
78217
61363
22679
66583
35969
51692
54799
21513
44436
5662
89440
2885
11237
21464
52368
97420
41250
15457
32537
37245
36507
64182
86853
45951
7378
85114
66088
24916
8376
76734
2800
86593
54449
41832
53176
90418
93524
24328
28283
54312
29990
17723
73549
41227
39187
25917
38647
80437
57727
87537
34034
94234
51719
37239
40185
59098
22354
22625
366
30730
99359
19519
17323
70160
61351
86852
60578
71227
11180
88861
25539
57522
22936
99089
15101
62123
25006
70100
58912
99085
57637
9299
93319
9357
46538
33504
84807
68892
56129
85173
15974
71840
4692
49650
42000
82395
52854
18930
53622
64034
24143
95514
37908
47079
94603
53009
9202
35961
23109
68115
35047
97099
93766
28366
6456
40304
78223
7615
25549
50704
92788
57875
22545
13833
7525
80897
96228
60379
99828
49851
40765
23971
45365
78673
71051
56320
48034
96605
92281
71144
81072
43680
68243
74838
72047
91051
15143
66622
98666
57044
17326
7806
14919
56223
21639
38797
53473
17868
15528
53301
84071
56294
93624
29436
51319
81027
2108
99354
93985
94389
70498
75057
38070
55093
49896
26469
62496
81391
9443
77514
54787
26769
85320
69706
99345
6960
8503
52818
41180
24032
22471
25251
96678
32447
71039
47997
13475
73147
47351
7460
67536
34201
98869
21958
5646
48765
64779
68142
46508
74222
45656
1295
17344
47329
87354
33041
70641
95857
2211
11821
36241
24682
37072
49271
57129
8111
13621
86956
81258
77324
94416
65146
11526
93286
3457
33524
58403
84588
18019
21264
75163
63675
22559
8859
27356
9913
41900
97997
22123
44111
9818
74716
85145
63242
23988
42274
71353
37609
29231
68963
14933
39999
50462
42811
49637
70271
92688
8041
54859
10707
45657
46374
90734
68216
55233
18091
94482
13485
16088
32957
57596
42259
7673
42741
5501
48013
1368
93207
1974
46951
78522
33260
86950
28984
92423
36588
15607
85111
60981
86819
95818
22990
33193
2905
91206
88427
20996
2040
18264
53436
34997
75861
95695
59023
34954
17549
7036
52674
10756
25363
99625
89278
58623
2928
34615
51046
55868
50222
52510
33201
37041
64680
56191
86587
67585
47397
91366
4933
65790
9630
58370
787
1843
70417
59810
36798
87966
83199
5824
15074
8562
5450
4353
83537
24730
38968
50935
80598
89190
3445
13799
42584
68126
69990
29171
52063
33739
36889
56997
99529
46519
31719
16669
48363
18488
76479
1513
6455
76030
7337
21529
944
29139
42234
84481
53869
81202
35417
34467
86745
55214
48266
45681
39692
34608
91204
91756
68348
28093
48753
84229
74612
96824
898
39327
15312
77378
40840
38119
69760
64530
76001
70705
93669
18235
55186
47539
15790
6955
98358
18887
62170
62977
64568
1862
97585
55772
93618
82285
217
58723
66515
74829
71899
67413
14157
3564
61143
71349
41683
30904
35879
34036
17961
29549
52272
89499
93440
84414
96455
8150
3301
74977
71127
84221
76839
85065
39993
86810
67350
40210
61885
33865
31391
50137
17631
61900
53701
95126
49602
11736
26030
85481
45773
60343
31382
14397
49843
41174
98811
62650
49325
18464
37627
20452
2685
30818
5517
42678
33980
89220
99240
12218
39437
46983
62355
57068
25236
32408
52195
74838
44144
94577
60319
89917
54921
8054
4314
21116
49228
3125
83766
98553
21589
37745
35358
24274
68563
57227
83304
18896
46447
98896
31114
85885
45880
9821
59305
71116
42229
11500
62306
86373
22430
22625
76291
93703
47031
96957
14819
96260
16435
14937
11165
38024
52682
62875
78651
37597
20103
78307
56493
82902
77204
3959
85139
39436
13780
44445
26904
72361
72297
89210
58735
11079
28187
51378
4782
75219
64687
35953
87831
81122
50890
98996
35499
19924
61872
30502
57522
98327
8809
30367
97581
2365
34327
82721
58153
48107
43518
85057
20469
32167
90619
95556
43247
35159
63286
48029
26730
27973
335
14561
9096
51225
29909
44595
87502
91781
75097
45024
6460
258
75391
4042
2624
26070
3115
60777
74178
46633
62187
10999
78800
69158
22907
22047
4317
86193
86429
47399
14166
86764
61960
39614
54341
91870
84209
41843
3
75658
3219
6464
75917
94963
26858
94893
21033
29973
55670
11563
92958
34209
22562
71758
19720
61821
10158
40389
48014
96587
87789
78533
99703
49749
18147
54044
57971
2357
12240
57975
94367
15459
80791
70284
10422
7649
65177
31456
53974
37200
59371
46932
87761
81934
35042
7481
43755
45200
64223
8122
58139
52012
86655
74194
18113
4802
44591
76085
23511
56831
50412
17879
88642
47555
88163
99065
71556
69693
46873
25530
23245
6244
88814
11006
4530
23856
34840
64638
85409
99063
72760
59900
67427
75767
34095
85540
80569
95038
77977
4081
51869
44741
21960
40511
92296
26475
55928
63852
12520
19153
5734
35765
41750
94548
46772
46280
34757
81612
27270
20166
97027
16382
96418
64454
92149
46865
66346
72719
41903
60676
93152
93772
5417
31464
50636
97714
74291
22916
77918
86812
42070
83653
22577
172
94553
69349
62804
29310
67313
90075
65828
64340
22809
62247
45146
14959
9112
11493
4030
51016
88521
13534
61140
93938
44998
28128
8004
19289
51045
85923
6101
9467
85928
45031
9639
80481
30732
72443
9792
14398
78870
91972
95090
1680
54219
40237
32991
63332
68082
37021
30700
56603
50555
91840
66893
95553
36321
74898
31194
87366
77173
53648
13185
79453
15031
22824
59934
45763
11619
86078
60161
90490
78051
55252
8522
48622
95489
41513
11954
79923
78534
59006
36526
45441
67199
3419
57346
3520
94669
88540
7238
71842
58540
20423
67647
73571
43247
27582
19335
71218
30012
95848
61708
24415
51100
86582
73038
62941
28095
84992
42864
22981
60351
95742
68422
27550
15514
25768
31070
10183
30661
38308
98378
5553
58731
66025
79125
18330
9959
14812
89548
39972
10660
67609
64387
78113
70543
37425
57406
98639
38770
16623
21620
15473
12365
6395
43023
44231
48515
90445
70767
95528
45105
85497
1082
20188
51522
96559
54870
77834
27723
44418
34158
54735
28379
14897
32848
98923
68675
90255
13914
23797
6878
51886
39270
35595
58281
98645
96179
23149
89090
66946
18677
50547
52443
36111
70735
20317
32670
25605
98151
60393
86375
48661
15129
31107
63559
64329
46382
48586
70936
60296
72383
94166
12182
28005
46114
86816
26650
42293
9965
15740
9239
44994
66287
61682
81106
53374
98351
13776
78979
12855
90522
81706
61516
22003
12813
41427
86332
59195
90013
73621
35843
78748
67787
64378
6753
13901
51194
33403
56194
77511
65495
65433
38857
31782
43467
19963
1508
58171
50092
80487
71026
56966
78546
48894
78969
7711
90322
81653
83259
96687
55274
19102
75436
23062
83480
98541
53315
51026
31945
9510
44889
97440
91295
83747
45575
51115
20062
47083
9286
86506
43923
96664
43472
22469
45558
38793
30180
35880
20447
29791
48920
92073
48894
24356
31487
48726
22897
84803
16105
71194
10665
60994
84987
18312
61093
30562
85779
97508
93997
11417
84014
37920
8081
43839
76741
53640
82632
23274
5872
19431
53065
54792
27857
18311
95500
59344
67038
34750
60499
83143
22296
71164
60489
7283
5829
21583
37845
91608
19091
31843
3026
19457
86115
27459
63296
62857
97451
62281
86131
19676
98064
39196
90820
25921
57508
2673
1618
40898
37423
62117
40393
76071
49634
882
83355
71815
38817
37552
63423
57908
85747
82801
77366
71863
26613
57014
51072
24064
35647
53555
43740
33712
9103
50913
75985
66611
53586
77603
23861
7361
56073
64254
83432
5707
65137
83139
93874
3954
20692
57297
78215
22791
56451
71933
11006
83064
45299
62078
23480
80947
15633
83573
31011
24737
34486
6996
7700
88072
952
47914
95433
57025
12168
95217
79084
93657
78357
72958
13964
15401
46607
92179
38192
3058
80464
65551
2474
25763
27629
42307
23062
59615
42232
54073
704
76718
61070
24756
81142
62022
72670
92927
35399
1191
4496
30835
11200
82853
3793
25164
98254
50400
33695
52799
69811
30511
18350
88637
56275
62331
47296
79337
38298
89528
49763
39002
82598
10833
80111
80092
89207
69133
89371
40958
70324
93868
71793
97877
76721
75586
23041
91328
42338
73089
60479
28501
3600
78829
33491
76227
57512
97139
71917
95811
3020
21680
51165
85618
32513
31276
82063
38072
410
71434
79030
87086
65302
67175
1315
58376
59113
40709
66056
17803
13798
26535
46305
33750
21716
96148
9978
79228
9639
81895
75039
12659
3575
26205
14630
52440
73833
96693
6864
90595
68127
2246
77682
49782
69421
95349
8158
28534
36058
90566
46337
49856
17101
8994
83607
38817
21494
9937
18045
31134
8184
9437
43793
11759
35642
58423
80551
9475
71468
3767
71
39596
6013
94105
5730
75434
5806
30240
20320
41865
20806
83009
91721
37907
92004
91680
93076
29850
17969
11121
60984
26153
36910
21130
54264
72552
79553
34815
98380
67374
54934
14803
6970
60947
25260
29052
52733
31066
59292
73053
72931
96450
56063
81005
34357
64419
89037
43785
94269
7007
71258
71606
33160
8169
92736
3777
97073
88641
54944
95453
56015
9879
26608
79337
70826
51868
8389
23560
99287
84033
12965
72218
80483
85380
69575
31192
66151
58613
74977
76773
81972
46236
48379
31484
70757
57467
35261
67830
62460
90206
63284
34828
85
6244
14165
87263
58113
38907
10823
57400
39292
40141
45970
19776
25521
15546
67320
8025
90511
42298
84798
72483
4886
49529
20319
91995
6996
55581
59825
85808
62139
39461
20636
78576
45706
34802
65839
3819
90061
93015
77571
29353
33156
23541
65481
75029
55439
49154
99406
45950
91452
84204
34785
12690
33733
55105
4685
57081
27038
80862
42890
89177
20324
63526
84105
66030
14680
49944
86201
21093
42959
63772
66799
92467
3665
48632
83849
59105
97786
83255
21407
5590
67460
56193
18280
17545
27650
39317
74627
54688
20180
33869
60217
56856
13747
44322
22886
28428
10618
9087
65873
53578
89211
32672
62397
92876
81305
46246
51981
79091
29502
73389
84682
13314
45934
19314
30859
73584
74984
21838
44624
11516
72059
21193
68372
85807
81867
7610
30587
92485
33049
96460
62415
22260
45485
24813
15136
43142
87411
83470
22233
33265
73211
23267
46579
35497
58934
93791
25433
50270
31981
70057
61786
4041
7602
46510
6200
89469
54120
53139
81954
3521
65951
60722
25781
11436
85535
57269
54578
89298
57091
93164
22564
46654
32783
69143
82151
91717
79286
7584
41987
11268
93993
20125
31661
1595
66635
54213
7416
37107
7352
89371
40628
73303
50093
82761
84740
51980
56383
55670
41278
13474
65186
80194
60129
97970
65690
42280
6039
44976
66217
64379
72596
60210
84504
20609
78158
67492
74822
85574
20951
82174
91297
77932
55478
57742
60693
56570
26074
17076
12240
83705
46903
77427
63899
7032
91749
29589
65664
97788
90918
31881
78519
63514
8444
63024
84124
2954
46868
58946
88528
67819
41121
96178
62103
12951
53920
22797
69521
79995
56225
98113
80052
3128
91892
43951
26512
83641
89893
92177
97782
80811
40410
76301
44325
65206
55677
44801
68160
2545
3748
73041
86717
61221
69219
48820
90524
39491
87969
60045
19486
60547
74510
15890
63675
66403
59842
6540
50044
49735
98717
64178
30546
39127
40480
91223
20686
96157
36025
88846
15055
56125
61887
18124
17346
31106
83296
24222
70598
87618
84267
6436
48165
75129
22327
28192
41532
98521
34732
7929
64608
49801
72107
95154
5281
12587
2729
25967
25097
38754
14813
56504
94879
93053
74628
28577
24159
74276
52799
11109
61894
53418
33898
26411
28548
72577
70956
86432
71098
5688
94361
52058
71842
66469
47212
77123
95408
66293
3090
36857
5048
34255
93361
16279
27308
84341
44857
67820
58618
14008
78929
36864
83779
29179
63276
12327
1756
50584
98759
89206
56272
9473
41264
44466
75942
4828
21589
87702
71122
41031
24560
92522
91639
34273
8801
18947
34967
70010
86767
93585
371
82049
46801
84150
27580
26429
96477
45689
77013
11588
34895
49638
21061
92512
94104
13355
13692
32046
1058
1166
73077
41970
93688
64716
92595
18842
16
27562
88852
3135
37499
89223
1536
84301
89725
29117
27082
86202
74806
4096
14143
26053
70086
51556
34917
64190
64912
48610
96236
82322
49776
85666
40644
43465
66734
33239
78659
66750
60802
67511
69886
98301
73087
71422
98954
62812
16891
26037
65367
91697
46485
95862
34103
16571
47418
69020
97113
28682
33982
9702
27356
83759
95368
68000
43576
62102
1240
22235
45205
78394
6098
15091
93047
95537
2865
92002
74702
19757
34391
40069
27806
80876
52283
61909
13799
99701
47282
10912
44736
81264
36966
72092
81375
32334
40093
24951
10789
57685
63538
55994
52431
85989
71085
45478
81526
90302
53832
56228
10059
88223
12649
37866
85451
64932
99775
15602
64634
47057
42867
25722
44674
79833
97814
26049
12168
54259
67353
39309
28296
30891
95303
80727
16880
82740
42558
14759
73042
96390
70987
83102
966
83637
37320
86417
48569
53447
18372
29555
505
61239
55277
61531
41072
69444
87580
69592
23703
54933
8901
52000
2177
20556
49079
35409
19648
91637
50168
92691
88028
21156
92145
5346
21145
45817
8115
69714
99264
26487
15622
16121
87726
70899
77652
28799
56695
65233
98391
96751
36518
23645
48751
55047
60553
14182
90457
80202
5820
40625
89245
10200
78133
97742
31898
99278
43559
40013
85345
42823
66501
967
58945
54227
88218
52949
99378
44914
34534
97770
41665
71053
37767
6768
26100
98320
20950
32909
78522
43122
89887
84119
69674
84372
81861
1572
83651
25420
41586
68996
84596
8087
86315
59893
78666
74533
12842
78045
35799
47377
92167
77464
34782
29934
584
60882
44606
37887
10144
39481
97361
31
23600
67036
84403
5462
84960
84406
47234
26546
69754
31830
50985
56069
91723
29652
46955
4566
24049
82754
68295
16216
76571
3077
46150
93507
80311
7108
31394
90455
46589
28756
6838
70190
12144
7594
92004
97104
92000
39238
40003
78107
71069
90988
50528
79144
36992
97483
62
61041
96590
68357
77257
89513
71434
39759
83020
51746
63220
30767
42201
9809
59523
65392
96351
88019
72986
88355
85123
81338
43946
41478
75797
31367
48819
26326
10511
85811
40161
10574
63205
36751
95283
56814
42616
66718
12926
25637
18464
76146
56404
77017
2307
32279
58761
98659
36650
48099
3366
21773
29438
47312
79604
21587
78679
28423
47913
5543
30586
4427
32469
93791
57530
27752
66958
147
94470
96236
42136
29286
72382
14892
22656
74689
47171
97769
89700
173
45869
93067
21946
91659
56731
17902
13246
51763
46325
77512
57306
76912
81939
89775
87055
39469
17527
70365
39616
28350
66601
98104
73988
55335
12996
12996
46377
76519
10766
36077
76692
56635
45496
14991
48294
18580
32893
61540
70343
79219
55404
27649
72483
37343
33776
75890
93165
67655
62608
49133
96005
29209
47238
86346
84545
60234
99342
47274
36754
10108
83351
29798
66743
45200
44789
31389
80132
77683
9282
50475
73254
64686
94476
62089
2030
28252
54331
95195
95907
16939
44328
8265
62501
7918
10963
47046
68153
10305
10672
21259
36766
94023
51057
19861
55575
12199
51251
35707
89882
60533
2534
79488
41571
97010
41577
43601
25262
12260
55148
37522
29200
15829
62139
91701
23747
73102
55099
8252
83407
65771
29511
36525
76146
96921
56387
31722
9120
7638
83781
15354
84523
86316
94842
26094
99678
52771
86048
41293
65031
57548
78815
10583
73377
57306
2284
13477
30408
57383
21729
30167
39506
67593
66693
15653
80866
39432
63727
89986
63422
63860
5340
47945
66528
16534
90391
66207
69305
92791
7500
50688
50340
2667
61272
40069
59973
79908
69898
6733
53644
91628
53252
93150
75573
36297
25155
56439
75729
5234
62777
39151
69095
68117
3448
35623
1003
10192
1830
86660
2983
9330
37348
69675
28349
14972
9745
4674
11233
79643
11407
64877
87623
81012
74379
79548
17309
99535
35987
9391
4769
98764
64894
90216
83233
68343
25840
84236
78535
27670
70896
97870
53353
24597
67546
98054
55921
93643
2729
67154
73286
30488
32031
77262
11500
22763
56810
28810
22298
9150
54553
43419
24266
19447
33636
23852
4142
75828
24440
99029
19850
95337
96900
73203
36286
64446
87610
92207
58089
90339
59362
47727
20827
7745
41341
32328
30508
14504
77490
69158
40006
32043
12578
80624
67842
62566
4476
71985
38394
28917
71014
58244
40606
67914
47800
76892
48712
35410
85451
23153
42101
44813
87233
62928
52559
28574
11608
99419
59430
89098
68578
99436
37493
97508
80061
5336
76426
84537
77321
14820
29806
64687
89416
70412
48954
53568
63656
14018
88978
49108
37172
31079
10273
40757
10360
79184
69331
21968
78604
28762
27419
63534
44550
64912
61042
24611
86600
53820
25501
80273
68640
55307
44961
74408
42072
10267
27977
5728
24285
33307
54836
77809
80739
81462
18566
91099
60646
4250
29419
39250
49364
56838
2784
93914
38103
80178
18526
41055
33998
44027
21329
18990
15686
82642
93399
57758
9261
37728
63487
33546
71035
34675
11356
51774
16137
46274
59225
76784
50524
88645
32386
99888
61835
51523
93803
99938
31701
12329
57346
82052
72708
78675
1042
88394
77669
10793
46153
86930
48521
25992
36828
35909
77019
48184
87683
93157
10811
63261
86293
61335
51906
18679
61224
13741
70202
71379
30032
18256
60
87378
16660
89120
82405
17702
77514
60074
44848
40019
63356
9721
82363
184
45630
59383
64721
49666
68892
75532
12927
55185
36867
81185
90216
14443
94926
76771
2174
24958
95027
2234
28688
11687
91354
11093
45741
85221
71167
6941
25240
50875
16663
23956
51060
78645
83339
15781
44663
52231
7665
73942
7416
44532
55127
13984
75328
50054
90755
77502
91364
2134
96089
20053
30173
3795
31146
92267
89016
18666
99208
30609
69541
32223
54565
20601
10869
54256
52734
71884
6487
60399
45827
30255
21284
954
44239
12964
67360
51347
6818
75077
53481
2907
95130
83655
23055
42628
92274
12071
77646
91482
59032
47188
23706
29949
84141
50927
84205
53228
22811
90692
13627
68638
20947
51263
85945
81539
64227
53305
32886
87398
28382
2719
6657
39864
2726
29712
82493
95000
58136
60139
86483
17168
23679
26541
47118
24173
77468
47675
77401
279
38368
7380
85270
75667
58644
71215
57206
39223
40872
6444
26621
69255
9164
49631
9119
11890
79343
7964
6891
53831
84456
9726
71000
8135
36267
34470
32308
30087
82145
26061
46718
36865
33442
31988
28885
8438
19555
2443
47661
60428
8888
90635
46035
34404
56618
71506
46294
35961
79471
69537
89793
80279
95615
77145
88414
31882
27967
37075
78321
26464
63136
25040
79682
12930
73380
8567
21368
9288
11010
85382
69716
36250
92369
32103
70654
48987
3609
33301
1300
99432
2838
91093
79711
14806
84590
84478
63040
12557
21553
41362
55374
1041
82754
35056
13972
56134
43623
51692
65422
70985
37074
51490
7236
45795
83593
77890
94782
3555
11191
12435
2987
30382
19880
82699
61540
4471
83529
24580
33380
5082
65942
88754
22475
48696
40162
52799
21183
137
4492
2957
71123
57918
54448
78359
3714
54393
72601
14848
74300
145
27283
77288
46879
47164
76339
8419
67987
76220
32999
17719
81302
98942
22826
20129
63990
62988
72929
1525
63126
93773
4483
50601
51691
75283
45312
71757
46028
17913
2958
20329
18058
46593
13969
81289
10109
6660
89708
78096
82880
22708
95816
80534
38002
18642
663
18344
97982
89944
19870
61108
83717
40705
28061
51761
15988
73373
23518
62016
91287
42828
98697
25697
89422
29018
6987
99531
35678
13047
93980
34910
52107
89796
31796
90109
24790
48812
24806
22772
38756
44676
233
38826
1733
28294
90587
17721
18020
30457
96089
9307
73286
11139
51356
62708
40157
74695
62239
92188
87743
56219
27098
39850
62367
58895
46312
3509
7707
71118
42634
62815
32146
42867
1641
33879
87513
92228
67952
5533
22686
80393
31192
95972
91532
98901
75032
31690
73596
37271
40230
77691
9843
67328
33894
88562
42575
80206
8424
66634
67676
51058
29450
99822
10277
47443
50053
97790
39672
34357
19676
78710
14750
67220
74682
6283
82473
66066
54325
72422
3337
94555
50113
29532
78235
84007
34447
37163
64213
42871
3797
48241
93929
49599
48063
4206
97043
14468
18348
53067
48825
54376
31777
79928
37949
22811
2563
20422
88877
73240
92844
8566
84147
59310
54451
62382
43317
88898
15897
23883
48121
36047
88476
58402
85646
36540
78960
99041
67360
13660
68460
32538
68037
237
12466
22338
39400
15029
59112
28277
88269
68309
53196
72416
27619
7647
51150
87288
12897
67048
27523
77370
19447
16000
35772
5093
68892
14732
20487
36252
28392
88947
85142
12781
5537
97608
51471
44937
28989
10584
89567
17258
95245
42763
6026
22864
66762
73529
26504
96011
56929
70380
73381
76376
86380
25505
97821
71624
40237
18308
24228
84981
23608
9371
14115
29145
6979
81938
74082
52321
92522
80001
85931
87767
22764
91958
26983
89526
81839
69840
85537
38768
40220
75270
15144
26600
775
29317
98224
57364
47626
38804
58698
87586
48175
89165
16731
71507
71103
7165
23828
63626
87167
9759
67745
26283
18069
11081
32162
99908
80921
34051
55028
37493
9322
86524
64093
10097
15842
78669
83814
79820
17473
42512
67406
82001
31677
489
53508
2780
24006
93688
82758
27525
3447
66856
53809
37869
94289
85971
54129
91562
36374
25510
29055
45696
12034
9500
72146
27876
4521
55960
24048
38346
14824
7806
20347
46501
24647
90207
65633
48654
83895
64744
92531
3695
47952
46340
41564
42241
48663
12045
33803
85038
37555
79210
47086
49590
88710
19232
93818
93231
91544
34219
31577
22720
42025
68277
69221
66673
58484
51207
31679
42380
32303
24210
46075
80255
86903
3991
22496
35566
16036
72651
36956
53592
51861
395
19534
56923
35979
13352
50154
43876
47571
98083
66596
5949
82712
35818
72622
41197
3377
20653
99929
35680
44863
46004
15935
31766
66347
54783
83685
82383
43786
36993
52327
95647
37388
71861
68922
73368
1566
35428
17244
65489
33511
83840
87790
32576
36010
76764
73773
55739
97417
73702
7771
42281
36058
40058
90399
18757
94841
74084
17492
38627
27430
69820
50626
64818
58033
19548
54538
75951
54976
88134
57793
4840
88327
45583
37416
40689
22348
27541
96429
19765
17595
20552
78398
70005
60611
68798
5114
55452
59234
22606
10432
86664
8778
77410
67835
83164
96959
22373
59115
68287
26860
33260
89479
15187
78844
43247
72228
17544
87140
85009
53661
4735
5562
32060
91092
66173
17210
96206
37977
76444
18813
48409
63109
43943
25820
47296
27107
39131
69669
86223
23770
96529
19483
13250
28068
14679
72849
297
32223
59990
1658
85885
81077
7220
34297
72170
73393
51507
84728
11371
44303
19893
76132
23764
63837
1952
71060
90944
57435
40730
93519
81206
53611
29355
94456
98032
60386
67305
14681
92610
43647
16339
94847
24725
23560
29144
13247
13305
97003
97975
41028
41306
34221
17161
65071
14410
35465
36131
5354
92901
93213
15226
90459
63177
60933
84915
61209
21319
68572
75890
30281
12220
8581
25128
36945
48493
70624
66544
61799
83979
64519
19179
25286
15092
52692
90357
29502
88158
42840
51209
97411
36054
66435
87870
99231
27368
89137
76792
65039
74061
69034
95321
86281
77615
36801
39578
26109
7426
6122
4260
91405
86994
39791
33043
2086
92484
39752
31589
96994
82593
82798
94405
34999
65585
98627
50582
9305
87764
27374
74344
61825
96408
69665
64459
90375
6467
4037
16484
30245
26512
37096
38002
13506
93240
71046
31944
85724
27150
79885
82718
9743
79035
93475
61094
44620
92102
11676
53925
79866
39050
44622
58043
35458
14287
22502
42186
20754
42892
58670
67351
69404
12119
5354
99262
21711
92752
47558
7435
19902
27444
6505
45998
22831
16332
7092
67452
8434
18769
37729
4652
74171
82351
62695
25982
12991
1550
68168
33745
44442
43190
17449
30198
71661
22803
45812
93372
15555
93370
17159
35457
37166
23664
81455
59998
39996
4900
43802
64782
23669
81531
69434
97840
80235
48482
40174
93226
66384
8342
43323
10826
51533
60772
57376
23194
83575
3188
16567
15482
96558
33726
67292
50077
73743
65099
10075
30091
69999
70229
94874
93668
68112
80660
7861
48347
45494
48035
57925
11878
56378
1249
22704
24263
78373
80080
47457
78301
99620
80376
93783
12531
30455
61075
62608
4198
26175
89035
34289
12526
59264
45515
6195
27376
42528
30408
92076
88022
94795
50001
99901
67525
51250
38957
91788
29624
35390
55598
7925
35010
35974
18060
47541
66429
95488
10149
86979
38015
15536
21269
50541
74800
83136
73088
18529
25664
19848
10605
13687
14644
60606
13588
82169
28209
68897
90310
74185
4287
45908
98462
39298
98234
16522
3191
64664
12010
29693
51643
66377
45229
89264
16919
36382
88753
6359
54911
14417
26208
81868
44456
57204
42474
74396
55725
87035
43294
46035
61220
47581
8295
59682
3231
6530
76205
6423
87546
4567
36116
55541
87297
81345
44806
20568
34079
33559
26927
88990
64328
69487
87210
8785
26691
46037
83181
82417
33072
42827
44804
94293
90409
53100
70327
93640
75982
62884
16415
63528
67452
52531
19069
71101
50229
80227
91669
84308
30138
34948
89651
10819
4436
76861
19604
31127
22898
19137
29896
55971
61965
74701
66616
68726
27801
36943
78718
3783
99828
95134
83663
83632
47665
19084
54733
14246
99312
62754
98555
45802
97702
88206
56621
18490
81419
92577
49618
20670
28067
95866
92993
90032
70567
59609
58758
14720
12904
53828
18503
29084
48962
18518
12716
12980
37603
83801
27226
53267
62907
25781
15421
76962
30339
88395
95452
28111
80972
61422
48781
9039
57289
41774
15423
27856
17735
90533
42577
30639
44362
77432
76076
93324
95951
88792
22656
49906
88946
49883
19525
51853
75664
34946
28815
22356
23341
40620
50467
20666
2042
15600
46057
59331
73726
61481
3540
91461
68366
62469
38452
29080
39901
14528
22405
52204
19673
45061
18462
24971
11296
37987
93176
3313
89286
38344
25669
12627
78964
92488
49645
81006
24440
95703
56690
98166
73536
60230
5979
41902
39051
60783
70983
78952
91664
9740
47509
11337
71153
65971
52660
82450
20311
45836
85763
9597
84180
27784
38576
63144
36624
88222
60503
61064
83925
33545
75582
73813
10127
81561
15715
49178
42344
3050
28130
50360
29142
91991
61697
296
74315
30709
99098
94626
76546
1213
20575
60726
45349
59151
40223
81973
63725
17078
59389
47650
50623
34971
37815
60750
32884
53531
9928
91580
72933
54410
41941
2076
62754
19990
18724
37069
50700
17822
48047
27246
35387
68622
4324
80736
44125
60899
79061
7851
77977
38450
71853
28600
89773
9669
5702
22657
79552
15630
30589
68837
86393
72530
70913
49147
8873
89637
2568
59573
23811
50615
3171
59198
35589
23847
39934
79714
84747
18995
3917
79076
73797
92123
24029
63570
1792
29731
2579
97696
61714
33169
66533
48107
22051
53799
13606
30924
43436
16174
90497
83600
66789
10020
42798
18730
33868
99085
98444
34967
34432
18714
14043
8230
10837
38072
88152
28981
67804
90732
43029
45870
40253
9562
93977
62304
63361
23935
93229
23150
40109
78
6750
23250
26451
65900
41980
76671
81337
56776
11638
15770
75490
25681
24000
2679
80106
28504
31660
64262
19236
74689
10132
59489
604
20461
38146
80317
44396
47727
19819
84505
47805
42921
7755
90608
8822
66087
67279
90159
22863
78917
22281
98354
20951
62633
17385
1057
91138
49046
65319
26726
40087
75451
86216
40691
95912
40714
37361
40308
88441
57180
41165
36246
102
65272
43207
8924
31359
10486
15435
54222
89404
37717
68928
26707
350
86314
27764
7840
35360
9435
34567
91799
1238
37135
32491
13502
77849
69852
70162
66290
43384
11327
18888
43486
76599
62095
52410
24310
72582
84198
78532
78338
38267
47461
5045
38617
50127
49161
62810
1839
58596
97377
93638
59834
34512
42481
89688
12361
28685
59850
78651
72070
71177
97539
15556
64128
75987
84319
88438
48569
68517
83322
43259
6784
30783
48304
61753
97262
13817
24563
99101
72413
38292
92740
48599
72804
35221
38287
1517
80259
98137
80168
52329
85666
94060
67885
66146
70047
68556
54584
34968
37073
54258
78227
60209
1394
42883
38315
98656
56700
79230
97758
45465
17523
6850
10416
90327
58423
65055
91845
38682
63192
88365
91011
65210
98777
75249
47708
85176
43805
18644
20144
97231
72902
14723
57440
74296
73958
12107
72953
47010
91338
87063
8827
8861
93913
19243
15540
52336
84298
23737
91019
63842
28455
98382
45404
27232
89983
93112
12409
33789
11756
48905
47372
84659
63629
21164
58955
53939
33272
48260
950
24610
35323
9777
49823
29236
29021
65363
97925
29671
5453
5296
93514
33908
20030
55270
77492
10014
48383
89901
60155
60139
38807
7527
44798
18788
45043
20106
89079
78315
68366
90029
19277
3690
16159
69100
49278
61532
50816
63555
91203
56269
68851
1069
6529
88882
56340
84021
15248
4723
73923
75403
81214
29082
99282
26013
64222
44325
62471
53301
38993
30837
59683
58270
50879
75842
27371
158
37374
78187
63713
44929
34456
48917
62351
57337
54151
18691
41358
69399
39766
31633
44802
20980
77067
60436
63345
57641
21113
25816
10943
60106
56654
86978
18377
23885
62820
45748
40395
16546
23935
20461
77827
74743
69378
40178
48432
23529
58869
89790
92928
14987
21424
54082
35968
14843
30870
15665
72485
51983
41482
83428
12090
14488
86758
30467
38373
65930
76215
95121
82476
16502
15582
60303
7597
84960
16834
56029
24841
92055
45819
17769
7043
83595
88203
59363
98439
19073
75028
70924
71056
32862
70704
83146
63702
57462
29965
18428
23392
6180
13549
22220
39034
29131
98875
46631
14091
15709
19012
55284
7765
81184
89405
31160
81131
77608
90523
79570
13033
81903
66846
441
14766
53902
83588
94820
27716
29905
13248
67460
52438
26797
89680
91472
55928
4908
54456
86371
20617
89820
41655
44734
71004
31060
75894
52136
8668
82769
48058
38053
64673
31257
38495
95791
85159
38435
90611
29228
68340
3860
96688
20778
30657
2721
28603
2938
7629
83059
89309
44598
72879
30965
5685
60236
62025
81579
12372
87046
80701
76782
41451
61726
8039
79946
57517
9551
18381
64480
38779
3074
84692
35467
23852
31702
54540
52455
34640
62169
51866
23949
23120
24746
71266
28805
84982
49644
26736
13706
36690
7437
90488
78141
69163
14880
74440
43032
24431
9173
23865
79562
12247
8557
15029
36100
40259
85922
4907
91251
48091
56774
15201
87563
97872
2819
16368
99206
52463
43105
12912
5505
66894
19752
99999
52410
34632
74439
11794
75415
83612
35659
54977
95860
60569
86359
48312
17180
72281
69571
8432
36724
26345
39985
24288
40569
42804
40656
39775
11620
113
69039
17125
83360
88792
33476
35770
39776
7915
63916
15192
7880
99576
70169
20092
76497
56528
84756
93677
45161
54327
2109
81886
97025
42094
6174
37594
1251
46830
77370
12871
63296
46409
46348
46656
51553
79825
82426
91330
4092
62694
6522
11972
62270
93043
48416
38767
49572
33172
48797
94733
3852
50906
76619
877
9353
99145
38471
26956
45976
32193
56179
9272
94955
2527
72280
46508
82352
71058
37838
2797
33752
44360
31121
12375
53756
79538
67494
3328
29062
16291
14413
32914
83550
7385
50143
92903
6530
88615
36211
68858
37160
92390
94482
32115
94917
66762
78624
93622
37820
32814
96419
87925
93527
27540
300
47283
23430
67794
66963
52493
84086
81376
1759
67636
5113
51903
76891
11644
56870
13102
80502
10382
5492
91337
42498
16761
58099
37474
10383
12272
70288
23154
197
63815
67047
497
11098
90477
68291
78061
59322
68729
75790
61082
36365
80903
29337
29608
8899
2559
42710
5754
12941
64554
97091
55439
81316
71542
9265
8051
83814
79554
31206
363
59721
14605
17212
87172
5082
1856
65233
64405
70585
57375
41839
23303
38279
87528
52911
63530
90087
11974
69284
3028
76528
66375
74820
57844
37918
84085
82248
38084
79991
13454
54800
39713
28059
72012
26885
49493
90220
8470
30250
77158
65846
72089
461
20477
75969
69724
84007
66056
81698
69644
69085
58227
36019
60257
32423
90289
44342
14671
44726
24334
44477
99526
80399
88888
87890
7284
38382
94463
32106
84984
71621
97952
73426
88434
34781
49395
58158
35141
15452
56209
4785
889
14436
57156
61146
63211
47446
21840
77883
92172
62526
22360
8050
42925
27601
12292
50209
65983
6755
82316
67319
78376
96620
40745
66810
47754
90141
41321
99247
21945
97530
4032
22834
11966
61188
332
91529
24986
22172
69412
33510
84699
8125
41560
43976
35726
53853
94186
18061
60608
92854
85380
55337
5826
26126
22147
69932
32619
63468
69179
54564
60998
73211
93750
89316
50752
94082
97198
75738
32606
66610
25601
33657
91087
67161
77634
43165
37366
88172
61226
14327
81026
62959
86016
3204
5437
8163
73137
38056
87984
42316
8972
65334
31880
2722
71003
82632
13156
68201
74722
62114
51163
16675
95772
42251
189
73406
85416
37555
61578
62995
68234
58956
25954
54250
78512
31391
78766
68001
85799
83102
10318
94771
48436
58550
13845
35791
57534
27001
3992
48608
89115
71508
65284
1239
13759
65473
74645
15527
19380
52575
78522
3967
27883
20828
58217
6396
52219
53335
90749
38018
36437
1067
49141
1226
75969
62986
37017
33503
6339
57362
98464
11807
28870
63748
13046
58981
29221
4044
74508
64953
56619
69383
68920
855
6563
43490
23603
58783
96825
14352
13153
49615
31772
78647
50841
7741
41633
4210
57597
47973
61572
56061
76132
6794
19809
89178
65775
65382
93222
56636
46687
66194
26019
15608
67049
32582
59098
90652
7717
72275
5004
37223
38242
36776
15870
5435
60870
73855
9646
18467
38180
87570
74528
14312
94365
10689
3491
76492
92423
13065
33128
39110
79259
75499
71070
46308
8082
46520
36960
32151
18796
58317
85726
73390
11445
17948
78826
72315
91804
88472
90782
46336
92394
81662
77001
3111
8703
96844
79604
17478
9909
12732
56589
89169
4584
44011
51829
12666
90532
88790
61169
25680
63459
46896
99070
74904
81196
77896
63572
89352
82720
70706
35689
91467
52369
29042
94578
77424
25886
90534
94903
35795
19619
67844
41316
24203
11855
93146
53221
18739
98288
14390
60771
61747
77638
59842
53003
58835
54090
16575
48187
53163
87282
228
60982
56003
29270
55560
33427
71508
46095
44682
7304
82066
12526
48620
6269
40734
41766
59490
75825
40054
90232
36597
18153
67871
12791
71157
43058
83233
4084
7597
36396
91366
24178
97378
63721
69800
69291
13501
41309
31738
58183
48613
13804
87062
13585
20073
44148
55352
95915
19973
11758
86147
56570
29912
54018
69361
17421
13428
52595
21505
21026
5343
29224
61556
19074
92945
31356
88365
6446
72665
20103
80982
37630
50259
84396
51216
70332
28544
22920
82599
48517
34678
68746
21440
80942
39117
7153
98363
52545
59748
36221
89923
81444
65445
51479
518
74742
99188
88883
97541
71853
25338
78523
9484
91949
79271
60700
62281
7815
83620
61232
72684
34650
29978
10476
15593
85447
17630
30308
37993
93730
82881
44268
75174
64678
12100
92044
39421
11288
97279
53314
99493
38969
31837
25329
30918
27460
2381
9551
35275
2353
70783
24311
37004
762
34788
68949
86209
68770
15609
40554
62500
98491
1175
54027
79521
13275
62423
18942
40915
59703
72256
56760
98672
20445
82090
29591
47905
823
39142
99532
3177
9926
40196
40181
27040
91336
25482
29601
76458
41091
86508
55310
55934
87683
9337
35456
17310
88113
70750
74577
47816
59359
31337
62840
79804
29779
92431