14733
33177
32729
42921
55283
61209
63849
31138
7815
35837
75206
97196
15007
42896
70743
54086
11576
24157
1704
93847
83757
35787
12812
25614
38900
86998
71418
97084
76308
10293
68058
7393
43470
17139
66667
15106
78349
30516
46244
2516
82705
37802
16064
97713
80698
3159
68151
8627
27317
86207
18826
11074
38346
31638
53040
77246
18636
40810
74330
11297
51104
58741
35042
10926
75880
1709
26032
70581
48578
88629
73098
31283
42783
89162
28996
23482
8674
97147
32109
35991
99706
67287
63417
38052
98926
32809
15299
33914
73620
5981
61563
24724
64722
96606
35650
56955
98315
78035
27536
46893
83016
16986
78177
25799
6149
23525
49281
14823
37025
97742
67166
36731
81382
30583
74784
80308
63392
6435
30574
37012
12416
92138
78088
93491
88744
30091
50446
3411
24478
94334
50305
7494
11321
44834
33293
17470
84711
98927
48645
38088
13021
32163
74820
94403
62746
65956
91063
42490
88743
37990
95855
1159
30128
73943
94650
35224
20386
61448
38635
44864
55783
5292
52358
67104
66478
2004
926
51190
931
65923
5630
30304
98086
96802
41060
77184
62758
48475
19674
67853
86465
31881
69013
16593
22177
80015
68169
42563
41464
6805
87428
13599
12097
56138
80703
94928
58142
97981
62470
75425
63904
68100
5730
78342
64903
63142
55526
44013
11617
91552
11867
98083
23434
97232
31028
45611
77247
99198
88174
35063
6003
91954
65014
34452
48093
45717
29380
22587
60050
8202
98013
23954
76303
20095
18648
41206
83237
74174
1571
11206
65727
13438
9289
5513
27022
56670
51124
4270
55868
55650
55685
78223
47605
20700
29027
12050
82769
74760
34637
42820
82962
49002
83126
59265
69097
1775
16823
68686
92301
34747
96245
58028
48185
21886
63541
75208
78556
31017
95830
50776
86668
67867
28999
50625
88567
74379
62675
71337
49139
97312
30509
32101
46315
29987
7719
31764
48114
40894
16803
40416
75641
13048
14796
40179
34934
94690
31739
29843
25707
27569
80619
28727
11788
9619
79352
356
350
42027
88045
49489
39340
34906
97942
2007
64893
22013
50123
29360
62908
66926
69776
38549
96326
84572
95080
47613
95614
26819
77456
21322
70740
58075
50049
82529
84046
29402
82885
84396
87781
87282
50237
43473
22188
48180
45480
3433
70193
11956
32793
33101
95234
18921
88003
91561
19846
83083
55526
15460
26255
32982
53134
96995
7409
3184
95876
91456
48938
78761
92204
36719
82395
42442
96545
20935
90622
42025
24369
77167
53981
73514
10269
65568
92436
14624
57129
12282
14059
12655
44094
40314
61989
97229
53662
69398
16765
49538
77206
65703
44652
69411
18774
27047
11853
15319
47983
18827
73697
88704
95994
44030
78570
22615
9598
71006
53591
83079
99640
67651
12086
43735
7965
74075
57316
61627
59826
74081
11166
37032
56136
55818
22795
74910
99217
51000
6582
63552
69827
96631
52256
82174
40661
47179
21141
66612
18185
74733
49691
34178
42384
78130
94265
66701
52205
51581
28329
28383
42014
55847
65416
98150
28017
4563
89412
27234
55564
95994
90787
41743
92625
59395
23917
49639
6574
61411
32603
41112
36144
98646
91642
78528
76776
85907
61581
45334
53840
89910
73717
95854
62109
55485
10356
90126
60049
99768
33713
15613
95763
40852
73708
4740
247
97626
70731
6822
59037
3334
64286
11533
18333
55928
90061
95109
58187
51642
56795
28379
57905
46865
40585
36366
2350
50941
42845
78751
50709
92910
10716
62824
33762
84425
83917
34009
82051
54648
57183
57440
74335
37821
68973
9020
93749
75386
4129
68288
43380
77277
96667
17637
24142
53604
70356
42844
4545
29553
21596
71607
22463
32312
34431
56225
16737
18348
6586
15140
89349
80122
88932
63684
17943
74257
72704
28045
49643
93185
96333
9376
86814
9353
43365
10956
62957
13721
53801
83855
43274
91749
55462
82089
24061
89893
38314
57151
24594
61253
72291
13943
41375
61224
93979
75670
35481
83035
3715
1477
76220
16401
27205
79387
42106
70570
90343
5063
644
60496
88918
60270
52245
60732
42360
92659
50626
80674
49810
75220
41927
38453
5515
99654
16029
99494
75325
51511
82529
95392
69340
75101
11793
96545
54488
53899
83467
61184
75315
463
21680
80585
60734
90278
41318
3094
99289
8296
120
49099
83516
58400
3904
89031
74406
19934
4877
49731
87797
87406
61476
57137
62507
73269
70034
33348
43521
69853
94532
35188
70317
32564
15773
47403
39194
57091
50497
38483
65387
66969
3934
65255
41721
7839
70638
16128
44125
75515
82211
31922
79273
43687
5411
58133
33309
91797
91481
93182
61650
2365
28370
48319
34929
44143
95722
90476
17587
62571
45311
99326
29541
49246
80934
87614
73437
51572
20094
33914
43440
18658
65836
22713
78697
87599
80846
12006
79396
72327
5188
41046
91044
49910
5718
25974
94054
1440
32802
11641
64012
78113
27319
9905
27359
8253
13871
17148
59826
33966
51062
19618
68976
33250
42331
47673
20849
39530
76032
245
28209
97572
57644
19254
47483
63362
61580
57889
81154
94382
69530
45166
72495
13201
71423
16207
21455
85295
33355
97633
35613
770
17251
4589
34020
75934
52262
54870
31816
44646
71467
60026
42219
45463
79280
89702
25177
40860
47591
6332
51594
33473
67850
24089
63026
39274
40296
84481
24569
73652
98466
60182
90774
32069
64771
24794
8004
33385
96016
56172
78032
83836
16198
36603
29299
11830
26305
54477
69042
90248
77161
20636
40073
45011
61078
3099
637
1374
3933
25206
91378
2399
1740
82152
34469
82863
23299
58825
32601
19315
14997
10633
3151
47548
63588
32451
59378
6245
3280
28421
96493
96793
65409
52918
41804
26487
56017
42442
27862
59950
84000
35592
62350
2093
17745
13171
84956
41044
71996
17557
76711
3345
44542
79863
50893
24482
28666
10272
30727
48298
55045
27220
45091
36806
80138
3247
63294
52508
62041
7508
28810
62394
59452
91160
64487
77197
20683
65795
34593
9031
99705
27657
12377
60599
23872
63270
85082
68890
89894
15809
17188
61291
59382
78631
98098
39520
81878
77744
8380
60272
85252
37191
22666
61056
44703
3505
38254
65387
69300
89199
74418
69005
33208
3147
45957
57080
82770
31039
25970
72664
46848
59510
33956
6230
38141
48406
62103
36372
26150
86835
96644
27754
24026
35662
88810
68730
39167
43416
50469
24819
48968
41239
10177
82176
44387
56134
55609
27157
87173
97931
16173
50373
57442
66481
56604
95583
14887
35059